4389
278
128
21
20
19
18
17
16
271
272
273
274
275
276
277
4
0
2
3
279
127
126
125
30
31
32
29
28
27
26
22
25
23
24
14
13
12
11
10
8
245
9
7
6
5
1
242
243
241
240
239
238
237
236
235
234
233
232
231
246
210
250
247
244
251
230
229
228
227
226
225
224
223
222
219
218
215
214
211
207
264
136
137
138
266
265
208
209
252
253
254
255
256
257
258
259
260
261
262
263
135
134
270
269
268
267
140
139
148
141
142
143
144
145
146
147
149
150
178
151
152
156
153
155
154
129
130
131
132
133
15
248
249
206
205
204
203
202
200
199
198
201
196
195
194
197
193
192
191
190
189
188
187
185
184
183
182
181
176
177
179
121
122
123
124
33
34
35
36
37
38
39
40
120
119
157
158
159
160
180
66
76
77
75
74
73
72
71
70
67
41
42
43
60
61
118
62
63
64
65
81
79
78
80
100
101
102
103
104
108
110
111
114
115
116
86
85
84
83
82
117
45
44
59
87
88
89
93
94
95
96
97
98
99
92
91
90
109
112
113
46
47
48
49
50
51
52
53
54
55
56
57
58
68
69
105
106
107
173
174
164
172
171
170
169
168
167
166
165
186
221
220
217
216
213
212
175
161
162
163
