2990551
9322
15042
13182
5386
9173
4725
8363
13161
2778
7998
13223
7055
14275
0
6851
8849
13020
5092
8909
4827
3121
2181
6779
1789
9080
8939
3764
6352
1852
11915
7537
7809
10880
5469
11439
6292
6299
12745
2185
4274
9376
5217
9258
9708
6166
5659
14742
488
7546
1101
932
4839
11785
14491
7404
14178
14461
12382
2220
2223
14449
8229
11110
7542
5614
3952
14765
3412
9265
11964
13019
5472
3125
14012
8250
9789
11670
13944
11791
2615
9415
15045
374
1371
5049
10259
2566
5300
9209
2090
3711
11612
13726
2624
9788
8634
9443
7874
3584
10876
1593
10376
7664
14828
1470
4840
11681
5800
1698
3411
11957
7448
3368
10134
11774
8654
2225
11030
1399
7702
4474
4843
5916
12137
910
13018
3251
3602
6947
304
8649
11091
5482
3257
5704
8774
421
1003
1448
2563
13859
2959
7136
5706
2213
436
11479
8591
14982
7006
12219
11122
9608
6988
6944
7714
12108
10896
5155
12676
9540
4265
2184
4241
14042
10202
12529
14984
7490
5221
15064
13016
1406
3255
7400
283
4038
116
13255
15074
8113
2165
8977
2850
13056
5946
3612
3633
9396
11132
12986
10009
8964
10727
9685
5623
3109
422
11123
1120
2811
14363
13061
14249
8611
7643
10419
1436
12309
7641
4689
5709
6980
7637
10660
10534
8936
7880
11
15073
7231
14289
8154
4200
6542
12497
3858
4808
8658
6588
12025
8118
2254
11826
1466
8453
2699
14867
9045
2045
2593
4162
752
1895
622
3360
4678
4520
986
9524
8074
4818
5764
13142
3423
7229
3683
2107
9054
4331
2961
14929
7599
8656
14985
4064
7595
5173
13296
3571
3559
10514
9046
4476
3780
983
3297
14571
14489
9536
1656
14741
3913
11383
10114
10457
9539
7910
14501
2771
294
11858
4797
10379
4300
10438
5584
13743
6305
5572
9530
9192
13377
3171
8801
3408
14829
2204
6916
2049
11900
14083
13074
5824
8114
14508
7223
8958
15052
2347
2635
8483
14255
515
8921
2145
2723
13064
10112
14899
12379
14189
13337
4290
7451
8396
5018
5816
4244
12607
14043
7644
7453
14986
6822
7334
3579
4284
7924
9918
10392
10368
2207
8720
2016
4414
10667
12320
11731
15054
7101
4816
2768
10329
3958
12082
6547
2364
10989
11313
4291
1357
4264
13467
5656
2571
3939
3925
8653
4942
11485
10062
1384
1483
11932
9897
9710
2989
4085
2870
13209
10452
12115
9722
2603
5753
3451
13362
5345
14423
8398
6127
7266
6543
6482
13270
12522
12328
6647
14090
13982
3489
6646
8278
11201
14859
558
13361
8950
1639
7205
14569
6644
10143
12113
4425
10492
3220
3718
3793
13171
5777
11749
441
7023
13875
7684
8648
14450
10990
10755
12263
13172
5700
11990
10810
10809
3905
13336
13542
8231
7697
10772
50
8841
586
12445
3254
14301
7382
13335
301
13331
5163
14193
11879
11331
10851
13504
9727
11945
4929
14722
8258
1711
5486
11730
418
13224
1026
11418
11151
495
10773
10983
12027
2975
13863
10179
10367
11206
14499
12617
9661
715
7737
12904
11322
14295
11870
7667
3429
3076
909
8780
11979
2973
1338
12498
1395
120
15075
2055
6062
7833
11877
5162
7717
11606
6631
10897
8865
9999
5352
11177
8863
8864
12616
13198
9421
14303
11816
8799
9784
2214
11886
15104
14522
13654
3742
4059
1628
9390
8828
5158
11187
6343
7810
10350
14837
4826
8622
7705
13563
3256
8102
9480
9334
9899
5862
13850
2098
10843
7414
9477
6504
14764
13166
6315
9456
7432
6225
7000
4208
2662
305
7431
3784
4257
2806
14093
7045
237
2966
14995
9844
10932
3409
7408
5841
9732
5479
1103
7757
12568
7262
7892
9419
10891
4169
8756
7137
8550
8914
10827
13359
14906
2732
10980
10538
512
10537
3424
8008
1092
10689
11290
7920
4242
13068
8403
10808
13183
9231
14923
1569
7893
4817
6353
9224
1761
2453
5570
14610
4782
12627
8984
8109
2584
4253
9067
5821
14038
4446
10451
12443
12630
8928
4731
12547
6512
4088
14942
4444
7124
13155
13305
2440
14308
13116
10834
11756
2365
11102
2041
8288
13463
7648
11937
3365
8681
6875
2050
4549
748
3700
10382
4360
12831
13000
14430
929
11736
7698
2411
4767
10048
554
11251
10721
11316
7993
14723
11597
567
8455
11363
1604
2673
7441
3460
6645
14343
10076
14025
14366
2152
4495
11702
13939
4510
11071
6417
6608
1239
3776
9372
9657
13308
5909
12852
3873
12162
755
670
6815
4802
6831
13555
13268
1822
13256
10064
5507
4885
14195
13396
14858
14299
5432
1323
5977
3659
14739
4708
13189
9452
5789
13131
4922
11131
962
15
169
11128
8410
11806
8299
5779
6189
1601
4809
6821
9269
6657
13143
8501
620
13879
15020
278
11986
4709
245
12190
5723
1520
4269
4388
6975
1723
6584
8471
13553
9736
6788
12454
877
6027
11396
9433
4046
6683
14070
1689
5901
1288
4687
9304
5248
14616
3481
13036
6055
2508
12178
11413
7162
1110
3550
5577
7128
6382
1272
1164
7628
1719
1700
14801
6672
8139
1573
5803
6651
402
8308
11446
11241
3661
11617
2038
12728
13415
13141
1264
11975
11184
7677
14842
2996
10260
12335
3278
14487
3976
6530
8422
3309
14074
13861
8433
1065
664
13799
7848
4025
3691
2522
447
13731
4681
4800
2617
5596
7666
12890
1970
1194
2618
5881
7662
5983
14952
5384
12380
2535
6514
13770
7235
2913
14239
3005
2471
11723
3410
3617
1887
11698
11884
2546
2303
4716
14496
9050
2178
12491
11093
14183
4695
13316
9852
13698
4364
5982
14830
3482
5451
1063
5464
10292
13589
1734
10086
9879
3941
14692
13706
8310
2517
2693
2472
3157
348
7087
15039
4065
1855
14951
9037
12076
14027
8401
13808
13506
9718
457
6392
6391
6852
3520
445
11822
8640
4858
2139
8540
8663
8635
9447
14304
3433
1730
13798
5589
13374
5860
12273
3560
11882
12891
7226
11233
3092
3022
9735
11107
14694
1188
2532
2868
994
13668
1081
9797
13528
12694
11343
277
12559
12102
14746
10952
10589
14335
5020
14937
11308
900
10273
7624
12871
3043
8327
11134
5918
12398
4175
4173
8602
11192
13479
14173
83
2156
577
5367
3986
13707
14369
11773
7829
2976
13281
4339
11069
12134
5376
10442
6346
7834
552
11632
6492
2955
2616
11170
11384
2912
12283
4824
8513
10752
13160
13370
12755
11750
13787
5657
11476
8352
10445
4382
1843
1651
3447
5562
11887
1183
8476
13832
7405
12689
11793
5637
1702
3252
12570
11792
10738
14422
238
2983
1289
1956
14168
5587
13617
5140
1404
3042
2209
9848
11933
4119
242
9312
3640
11847
13645
5653
2962
4522
6871
13157
4819
9809
8245
11832
14400
2523
129
14953
12952
74
4084
10713
4035
5595
2835
10985
3386
8461
5696
484
11456
4705
4679
12972
612
5447
2540
12567
942
13765
5418
7719
13590
964
9115
6314
12840
11511
11167
14819
5890
5575
637
5832
9414
2021
2044
9825
3070
517
3363
12976
10694
608
9613
8884
8447
5416
9818
13490
14767
847
11909
11531
4051
12005
9728
574
11039
14509
1293
9676
12476
9576
10044
12795
12169
927
1064
9574
856
12939
13515
8424
13573
13891
13892
11103
5495
12765
1147
12654
14531
5473
5421
3024
2883
15016
5382
4014
11265
11359
13558
2410
14468
6390
3221
8448
5225
3531
4072
14724
5383
9901
3716
12109
2611
8260
9675
13498
7508
5470
3578
14752
2884
2053
3342
7288
8673
9781
13211
14113
12588
8485
6602
3638
12653
14003
9161
7095
8142
12863
9233
1118
5745
1515
1157
4713
5019
3757
14136
2836
5198
3341
14256
12792
4310
8527
463
3779
13122
12478
1838
13958
5681
450
2885
6105
8949
4413
2036
758
3301
1974
14009
10935
14039
5428
14428
13386
10844
926
14749
2195
3533
9981
6404
7472
9380
9670
3454
8844
337
10911
5491
8866
9392
9683
3748
12455
14820
10829
4070
13738
2443
14916
3006
2237
6362
14559
11460
5031
9550
14621
3069
4762
4884
12202
592
4252
4968
1061
12475
6778
14766
12851
4683
6768
4693
6773
13233
14421
5930
2832
11701
9807
4272
11361
6526
11345
971
12748
699
510
5086
5465
14562
1216
7620
12665
1905
5504
11156
12758
11346
13454
6038
3061
11376
235
13329
171
4888
12855
992
14403
4758
8793
5967
2302
9127
5165
12417
14440
2123
1324
13017
11327
12940
4871
8342
4895
3355
6128
4987
6517
3753
11716
10564
5871
7769
9787
3094
985
12495
6952
11397
9320
5166
6104
9442
392
13887
14718
5731
5496
5544
6819
4806
14312
4726
13575
12701
12979
9572
10231
13307
6829
1643
8140
7814
12800
12742
12688
10892
14368
1417
14574
6767
5226
1111
1979
1344
7077
7878
6771
5207
692
10032
5727
3060
14769
11393
11019
15107
12384
1396
14185
6325
2896
2788
13079
1077
9147
1481
4096
3056
12430
7345
2004
5877
685
5279
12241
13914
8123
4142
3029
14568
598
14497
2148
227
12047
4363
7389
22
11017
1945
5973
14285
4099
3558
2192
11516
7661
6118
10187
2902
2463
44
12181
14238
13608
5347
1478
2407
12386
8612
10790
14824
13659
6
12623
6119
2779
2323
14297
1000
5335
5147
5041
6747
11574
464
12879
14047
14065
11148
5272
3737
11623
10593
430
14424
12988
276
13473
9284
3170
3267
10904
6002
8942
3903
5234
8744
11117
7
10121
14472
5557
4773
8220
13607
1228
8679
12342
369
4347
14624
3763
5475
1662
6928
11717
14345
10648
8427
753
11042
4047
666
12649
9040
14046
13992
13130
13221
11829
13610
7388
5569
2318
7447
1468
8091
14669
2398
12336
2199
13635
3243
3384
2438
10926
12291
11250
14589
13634
5542
2356
1129
14021
11654
10039
7605
14011
6178
2095
10007
14393
13026
6254
836
13203
1035
10147
11401
4426
1720
14018
9877
14045
9499
1480
3337
3000
6488
10659
3951
7899
3380
12238
2604
14063
11021
5705
3304
5737
921
966
3535
1432
4462
14067
9162
11594
13577
14429
1951
5044
14053
5608
8517
11525
6267
14777
11700
2428
9485
5350
7968
15003
3438
8798
10792
10302
8722
14707
1936
15007
14921
13375
12663
3719
4393
12870
11077
7189
4143
10138
1059
9489
14853
8209
7856
11570
416
6845
9182
5804
14869
11978
4979
12832
5188
6238
13440
11705
4645
2993
6754
4311
1124
543
697
6345
13688
13728
12573
13412
5997
6213
6870
3881
1022
3330
14442
14992
3187
11628
6710
11743
12716
10599
7285
9187
11217
7301
14265
12172
1712
6250
12333
10180
2307
6912
11022
4120
11588
2958
13384
1808
12669
6227
11204
8417
13754
5607
7616
8419
8821
7466
78
7324
901
5708
4965
3296
11651
3067
12733
4616
2353
5109
3016
12914
12578
9753
8053
1419
14443
14813
4029
12171
2875
5115
14814
12427
1301
8920
14485
1028
5471
3443
12924
14245
791
10905
2446
8435
3134
10824
327
9959
3390
11517
4232
3887
13257
14847
3894
13665
14344
6652
11268
9920
14332
5622
11194
566
13605
1219
6253
8971
832
3149
10658
12462
7337
1530
3401
2246
2663
12953
8009
5427
7397
3079
808
11878
1027
2151
13780
6468
5673
6334
13347
2308
6231
7251
8047
14786
8034
14878
9089
5303
14798
13124
13653
11414
2294
2610
7416
4931
1130
14799
4350
5713
3896
7682
3066
10428
4240
8187
4395
4599
9318
4315
782
12954
10331
8036
13433
10723
3397
8037
14690
8024
6464
2244
8596
10535
4654
7112
4213
10312
10618
4227
8042
14994
1389
4595
930
8529
2676
8039
11740
6270
13638
11368
10961
2101
7586
7392
13107
199
1449
2193
1845
2724
13611
8834
11417
13545
1477
10131
8184
8761
2299
10141
13991
4502
10371
13106
11158
4507
8474
11927
7901
8057
9246
3020
5135
4113
3645
11851
15014
10745
702
8366
11761
13144
11056
4647
10964
12043
14338
12339
6484
2791
12362
4247
1069
7268
919
131
7478
7233
9500
7320
12732
11744
12894
4563
12768
8929
11501
5984
6856
2830
10123
11115
9626
10403
13889
1594
704
1713
200
8683
1861
7598
4872
5882
2746
2769
11181
7109
4635
11223
6892
6703
9215
13104
6436
14651
6973
12317
13234
10108
4998
1390
6019
8015
4293
14785
9501
5971
4900
4491
1502
9088
14409
13103
6725
781
13628
6866
11146
988
3855
4497
7430
1135
8838
12030
13003
13275
3818
3099
5240
8672
848
2264
7219
4445
4715
12356
5870
8084
4546
13350
5081
5080
14808
14447
5099
5810
3295
1472
14264
10883
4192
10054
819
12624
1614
1859
10761
14679
516
14727
7154
2332
4386
11496
6416
4619
6745
12340
3528
1926
14675
2277
843
8080
13953
12048
8901
4882
7015
1862
12116
4556
11272
4435
1801
12092
9601
7482
1911
7516
5868
5672
8055
2876
438
11869
7190
6329
7195
13101
8305
3936
14597
1621
8316
5114
2921
13481
3510
13594
7515
6955
10069
14213
5102
461
6279
973
5137
12232
12753
2722
6368
12757
5397
5078
12419
7665
13660
14728
889
383
9603
1350
5974
9165
8738
388
5883
10807
11599
5068
60
5087
3179
4720
5261
7082
3334
9958
2063
5626
2792
5341
3647
2371
2657
4870
8631
12737
4836
5885
12197
13756
5988
4952
3107
14990
5283
350
10014
5409
7362
414
5889
145
2858
9904
1737
11532
2372
12282
2964
12000
9164
1950
14361
13030
14546
4453
14807
10029
11108
7659
2383
3869
4586
10517
5138
14580
891
13406
12097
12915
12068
57
3175
460
1817
8307
13641
1346
8792
13149
23
10098
7805
1735
12906
14394
11033
3166
5378
10074
10803
12500
5195
1486
5294
2649
13266
14638
11888
12461
9166
5412
1790
1600
5411
11302
6670
7474
9094
14049
5892
10522
13263
5302
6742
4615
12228
9139
5171
5176
5550
6307
2085
14267
2758
6365
1910
11278
1507
807
1984
1173
6922
390
10309
10919
3083
1462
5187
10603
3082
1237
5399
5275
5304
8126
4617
6743
7387
9909
14595
6491
6033
12372
12911
9905
6198
8952
9506
12934
4387
9059
794
6511
13822
6696
5434
322
11407
10386
7485
12702
13236
5098
13321
3100
8731
14649
3403
11618
661
5711
12177
876
9338
13289
639
10963
11820
11427
947
6396
12817
13961
4567
9024
11737
10938
1576
13028
1378
4630
6750
12786
7120
9027
13097
2297
1835
14029
1546
8825
11918
5755
11824
12438
4501
1376
7473
11720
11431
11144
8576
8742
3551
1447
13059
10796
12039
9594
1548
3037
3084
13974
4652
3142
14336
3459
28
10585
8451
10057
7171
6594
2248
7982
7158
13219
5718
7200
12608
11925
3493
7160
14632
818
14252
12670
10474
8124
7322
5308
8698
11983
10529
10158
3399
12824
4098
10119
925
5869
1345
6827
5712
5391
8082
6712
7356
12270
8306
3435
11789
974
6919
12099
5791
13360
2582
6716
10671
10722
10409
10482
11684
7230
13806
14670
2622
455
2415
12796
9028
1597
1479
8182
4469
10710
1302
1602
6722
11981
1509
6624
806
4680
5941
10458
7597
7573
8809
2305
10730
10359
7931
9072
13985
4734
4254
4598
1458
13034
1540
7493
5305
11027
13805
7234
13238
3650
12316
4613
7585
2741
4580
9025
2273
13280
5290
9157
14054
1946
730
13821
3462
10886
4524
1354
11258
4640
6759
14317
5070
690
12790
8700
5330
14912
12947
10724
660
8035
7207
6825
4568
10400
4637
13571
4584
13220
11646
12361
11653
8210
6335
1132
257
9316
9229
5466
4235
2286
11057
4821
2261
6532
4542
7676
5136
13955
9957
4484
5316
14364
774
1997
7370
4707
4075
8379
11536
8046
813
10822
12887
14357
10541
86
6475
11993
6671
3375
4153
12196
13290
14262
11228
11719
6902
6981
6982
5792
7816
4733
87
339
9566
13011
1592
7271
3085
13012
6266
799
2377
11919
14263
12418
10030
14354
1703
8762
14648
525
14848
14816
3573
5632
8701
1503
12230
3104
10615
261
6589
5986
14351
1641
944
6196
9890
7013
7172
8763
1709
7330
8892
5323
945
7220
2895
52
13588
9154
11475
8765
6837
7203
3106
9564
14691
3202
8437
7377
11560
1967
1860
10682
11831
9185
9186
2479
8294
8295
5395
13324
805
2071
14325
3740
14008
1965
1964
14341
9911
10894
12920
14324
9556
5611
14326
12038
9163
12885
5403
10826
12754
14048
6836
1034
12931
2384
13895
10111
2627
5746
13084
14339
802
7827
5429
4976
9563
12927
10053
14328
14436
3444
3750
10692
12065
6004
9565
12229
11546
7591
8110
7115
4557
6456
13245
7060
9961
9562
13438
12402
14685
7004
5987
6070
12930
8590
10708
9962
14588
10015
14640
14337
10017
94
6131
9963
411
92
173
12884
5209
5208
9350
14639
1554
152
8572
9922
14817
14886
9866
7429
1545
1682
12437
13746
2752
1494
1732
10993
4536
7420
9965
7007
9590
5179
12456
923
13689
12166
11891
14687
3073
9586
10195
5943
14642
8998
9557
13574
2821
12922
12594
4314
4313
6304
7939
5710
8083
800
3173
12650
7577
13547
1623
7729
6453
14373
7328
29
12550
5740
3146
3734
6713
11141
9228
529
6052
5891
1598
6862
13222
12929
3089
1638
14058
5896
11106
9351
2249
3860
10022
6239
1490
8381
11629
9569
7849
4719
9923
11542
6241
3665
6030
8132
13035
3544
5141
5103
8554
13916
13435
9604
1547
6600
12919
1670
1433
8735
11388
11592
5244
4794
5243
6714
12815
6084
9108
9612
12923
1450
10623
3055
2661
12712
13472
12992
13402
7967
12893
11871
12442
10596
12773
77
11399
11609
9561
13792
11668
9908
2891
7983
5905
13195
14584
417
4538
801
3862
11026
1935
1553
10632
10016
1608
12240
4967
5900
250
14560
11616
7174
6726
190
8394
6951
2140
3746
3741
12492
796
3110
5076
5739
9611
12040
14358
10937
10034
12036
13109
7947
3570
193
9084
5904
1307
69
456
6034
10021
6049
3536
4874
1555
3398
2067
12274
7999
6215
10616
5192
8135
1795
6435
2626
2295
13759
11063
7041
4330
1796
2314
6031
12035
8075
11790
11615
13252
6428
12699
2658
4859
7383
11096
4203
14057
8917
6068
522
3312
12620
12823
10622
7170
10432
9352
3992
9510
12696
12381
6748
4626
3093
13317
95
1526
12452
12925
6297
6235
13949
14350
12373
13032
6265
2923
7470
1518
6312
3688
14222
3918
12034
410
121
14258
1990
9929
10033
14818
2382
13217
13216
3231
1031
1467
2628
5887
14721
9571
9868
11581
793
9521
14775
14558
4868
11562
2537
2899
530
1898
10602
4714
1764
1994
5678
2938
11631
4305
5106
12655
948
1577
13125
5
13995
12198
9960
8106
12600
1784
3135
4957
1692
10516
9955
12997
8085
9333
11742
7822
7210
1677
5256
1504
797
1635
4345
9128
9542
12130
12844
2247
253
3471
10006
4086
13389
8704
5349
9522
1954
6760
4656
2283
1731
10095
6288
5100
9494
10928
5854
4460
10470
5430
8392
13027
10631
10188
6331
8397
61
9495
4973
10394
11687
9954
2142
10818
13969
6226
10629
3527
12806
11270
9910
7898
12389
975
1133
5894
4503
13774
13587
9629
6048
10056
5775
2721
6358
7981
10036
13235
1060
10569
12374
1506
1508
5123
5181
413
1806
1590
5819
11805
14594
7945
8836
6534
10586
4992
5675
572
11821
5182
1240
3816
14435
14010
2954
434
10105
4706
5152
12892
6389
9621
7678
14044
4500
9136
2245
14525
11575
14416
509
4222
9263
14389
1805
3656
9881
9593
7372
14547
2293
12805
5693
931
729
5324
7117
7118
7114
12918
3115
7113
1589
3553
2728
3103
7232
7869
898
12682
9875
6096
1948
14575
2088
4092
7202
750
9199
968
10073
9581
13962
8032
5893
531
1505
5879
8001
11726
1736
7394
5281
8111
1175
6682
389
3681
5647
840
4209
13739
5071
12018
1360
9296
12140
8768
2822
12651
14671
6289
14518
2073
9560
12579
2765
1637
4994
11539
1631
10090
11533
3382
14349
9047
4737
1126
4988
8081
5039
10012
8233
13546
7584
10781
12917
6097
8766
5899
5540
9223
521
7580
10996
10051
2427
3498
9592
1785
12161
3511
13548
381
838
11589
1403
14372
14055
1985
1988
2655
6255
1464
10941
14623
9112
12982
3332
1674
7989
10719
13758
7847
14287
12505
7338
6044
4561
6727
12644
12429
14307
5276
10999
14887
1457
3137
5635
7208
14625
9558
5000
9068
10127
9247
7592
2625
6887
3687
12983
13825
2419
9860
2704
2703
13570
4704
14477
14426
10720
6207
13603
1401
14978
3713
13959
13960
12536
9198
14281
3311
5897
1482
7957
2543
3321
10582
684
3946
1117
365
2928
6578
9595
8470
7929
7491
8740
5605
3769
683
2907
3389
816
2755
4316
2171
14507
2640
4711
3890
2154
2109
3165
741
13609
2459
10815
5413
835
3678
14073
13983
727
13604
790
6633
13411
10628
10236
5392
12237
9754
79
585
5284
1899
11099
8103
1930
10449
8607
9584
9430
5541
8387
9505
12584
7518
8059
7850
5571
890
635
12984
5866
5197
14860
4997
507
11481
10423
9496
10814
14702
7581
12826
7367
3333
7765
1248
1931
5998
5999
5602
2637
5189
3391
3870
5249
11246
2727
4972
12098
3318
1906
7857
14050
2040
6181
5111
7425
4978
10962
4985
3609
1443
68
5692
2999
4492
4126
380
7514
10406
6020
8523
630
12558
14259
3948
11261
5406
12222
3878
9313
12667
12801
7865
6069
822
11145
5547
3153
5077
11150
5278
12159
746
8257
13993
14484
12599
12345
8446
8134
12956
1591
10204
12782
14417
499
1762
10420
13593
8063
642
53
10068
5286
1420
5582
5051
6632
2482
8062
3306
5907
7673
13954
12590
5357
409
2355
5340
2331
12453
13568
1413
13803
9843
607
7517
1176
2408
3801
1491
5750
5929
1174
4328
9023
1836
777
11001
4552
1142
4110
11580
12246
7319
10167
9585
3131
3012
8234
14056
10184
5875
2817
2176
6000
13932
6679
14362
65
13694
1523
3432
14596
5074
2126
34
9502
14439
3002
14028
1800
13449
7607
2005
14483
3439
4607
11666
6738
72
798
5145
13443
7298
9153
12469
5535
1362
4204
3174
7012
2766
12575
7303
1748
11688
5362
8767
5065
6474
831
1777
11650
11429
9020
45
8070
10955
789
13701
8367
10627
14673
5104
5075
4960
12977
2380
9204
4299
13980
10527
8438
1629
2418
1138
13080
1341
13179
2250
2255
1500
8954
13267
9083
260
12916
3886
8043
6278
12622
4239
14970
12811
11961
13812
14320
13790
13478
5865
12551
13513
13439
1150
815
2502
13407
10040
354
12192
1778
11521
12736
14410
7255
13597
4140
12346
10560
1223
8402
1581
14663
9133
11622
13918
4115
11240
75
13008
8444
8051
6311
5117
9075
2612
6123
11105
769
6248
917
5847
382
14605
6251
1963
2572
8556
687
14980
14581
6366
9146
5809
6867
14305
6369
9150
7110
1066
5917
6968
3884
5855
1300
14242
2812
3282
754
12017
4457
11121
13931
5631
12126
274
11966
14850
11528
11529
924
14272
10612
7588
678
13672
6835
5949
4655
2313
13616
7018
11940
1408
1900
6761
4657
8519
7263
4620
10974
6731
7081
6802
4822
972
4915
2388
4451
792
6990
1675
14024
5822
12502
14783
4880
13986
12878
7257
13613
6247
5241
9535
4198
7368
3476
12289
12647
9048
1918
3885
811
2065
8726
7788
2290
7059
7138
12307
10222
13791
1624
13996
4956
14870
1850
3895
2426
7923
6418
4370
13677
3761
4271
6841
4112
11980
12804
11016
4698
12371
5825
9319
1933
7870
12596
3534
2349
6467
1154
1853
7680
10546
8211
7221
14277
2325
7070
2234
12803
13824
3446
13029
5036
4672
7111
12465
916
13890
11416
4506
13657
12191
4149
4768
4943
4983
1055
3430
4833
9255
7937
13098
9143
5782
8969
3660
8196
3752
9986
7601
1552
1267
5766
12820
5426
1489
8314
2991
9105
13612
12096
710
7579
6597
1471
13218
4834
4042
13633
13965
10174
10220
10102
8974
7801
1020
11020
10975
12264
10169
6950
2451
1032
14925
3119
10518
1914
3425
13448
8302
11595
3406
9085
4581
12195
2278
3426
11991
1770
1681
8248
14300
14872
4189
1036
11970
8837
11954
14964
12085
1269
1368
8409
9159
13718
14788
3245
11951
8870
2260
5725
90
11733
2997
4361
9096
14302
9416
14490
14988
12051
6593
11301
1325
2469
4006
4682
8155
4814
12269
14037
11948
2492
6565
4165
11973
1332
12897
3686
14502
8569
7458
14519
1044
11470
10291
9610
3396
4530
12367
8021
7938
14481
3610
6209
5872
12900
2794
11949
4378
11959
11648
14789
11423
1068
12618
14915
11029
2575
9076
15083
3466
3611
9394
11947
14282
7178
1613
7889
8319
2510
3461
2304
8195
280
9211
4825
7020
9217
6872
6323
11239
2399
3891
9152
10654
1908
7084
2268
8719
7900
9064
8076
7258
969
8038
4990
1571
1042
4823
8902
7602
6826
12203
1058
6538
3377
10475
14646
10898
9609
12837
12304
4606
6737
10617
1625
1982
2789
15002
2187
4303
12266
10662
6053
6245
12574
12310
6978
6843
8108
13173
12839
2359
7825
14974
1981
5676
8662
14966
7894
2586
10417
13801
6439
13615
13921
9016
14790
6971
7995
5852
4193
8430
6721
2256
2834
804
4073
1208
6935
4873
8473
5848
5480
4636
11619
11348
6058
878
3136
249
6201
1688
3015
3281
13459
5037
10091
2780
2719
1583
2982
2210
13595
30
9861
14215
6749
2665
5786
9424
6176
4945
4558
2164
14237
8158
13009
13410
11530
2033
2656
1311
10140
4896
14967
6094
10137
6518
1123
13447
2155
1270
5280
4528
1456
1875
11680
6262
4508
3477
2406
2390
6032
961
8599
7442
12597
1243
12761
2253
1904
6153
8706
8955
14654
14557
8054
11703
11994
11092
14198
11351
6261
12459
11473
8580
8581
6275
10465
15041
6883
2707
1566
360
11220
11652
1998
10799
5834
7694
13963
217
12207
2925
14805
3011
13477
14062
10046
160
8214
13632
1009
2099
12943
9568
2745
4629
10924
6758
344
5121
8791
8230
12473
13710
809
5743
11982
13403
6141
6268
935
4091
13432
5271
2708
9949
13592
6893
11996
12088
826
904
1934
13779
9948
6698
14737
1661
6953
12945
12944
3680
10651
13970
14781
5390
8239
4456
13823
4927
47
10103
3010
11769
3008
2536
349
6072
695
13719
2351
11247
2319
15017
470
4625
3141
9503
7182
7177
4676
4545
5549
5035
2158
11880
4564
3575
4196
1847
2094
12101
13271
13264
479
1572
13489
14776
13033
2775
4776
14823
542
401
4677
8508
11708
7732
2134
10956
6823
3117
10031
8565
14844
4632
11480
15079
2689
7492
538
10418
6803
14896
13345
14726
1218
10505
14438
7571
10191
10732
5790
7915
9191
9497
14052
4026
10375
4107
4899
330
11535
14209
12365
14738
10026
1582
14553
5463
73
5366
984
6879
3644
2773
8408
4641
6752
11160
13966
13123
15067
991
7796
1620
4130
7410
5719
9018
3223
11324
3436
3906
7904
10595
9854
12024
12652
8975
7179
10361
14474
13293
4170
4281
12019
10227
9026
13920
2598
11520
14909
11892
3494
14381
2642
9329
2668
10664
8670
10973
8247
13197
13262
5634
10591
3630
8414
10984
7733
10543
2179
4211
14175
8724
4297
2163
10638
11534
14736
6290
292
1380
13135
11515
11062
14926
7908
11174
5292
4815
4171
10943
10690
11249
10240
5932
15068
2597
12265
7180
8933
7785
10391
8488
5808
12205
4228
15071
10378
10626
14784
7658
15078
1793
14889
11691
2379
10831
7121
10512
14697
7145
8982
7046
15066
8718
5828
7565
4168
14212
13213
11865
581
12149
11200
7913
11608
951
5028
6707
3364
9900
4777
10340
6833
5831
1786
700
7842
13043
10118
1588
1156
6804
130
3791
13185
10398
11386
3615
8600
7539
4246
7265
10656
11755
6705
11674
4696
14418
11411
15101
7873
1438
11205
3316
8676
11138
583
14254
4749
9878
11161
8095
9043
6991
4757
2013
1441
12604
8099
7293
11751
3266
5961
6985
4891
4087
8493
8545
6888
11754
2607
2503
4533
4753
11180
10771
7895
2024
8119
13898
3720
7133
13253
12528
7707
5054
4939
12300
361
5878
2378
8603
621
6863
14827
8815
7211
1659
4547
11356
4746
3625
1161
7031
5853
10410
7306
15069
5846
1650
9983
13070
8785
7253
10050
12908
12028
1616
9490
12533
12164
10601
12543
15048
1690
7883
6858
6924
12370
10992
10590
14462
14414
4184
3673
10636
7845
7639
7777
5915
539
3180
8677
14420
15110
13764
4699
3902
8255
5159
6891
10600
8259
2609
15100
15049
2605
10192
7374
982
3725
10467
7513
12561
906
4489
117
7918
12781
1634
11157
12861
8852
11362
2424
13700
14706
9985
6316
4410
15077
2017
8910
8830
1310
7645
8782
4906
9628
5815
2467
1715
13935
4233
3947
8041
10532
2691
4191
10699
10500
10364
4338
2316
7327
9015
2623
8150
12013
10133
10798
2763
14839
7249
5858
8027
11289
7691
1180
6324
8120
10572
1584
4521
10979
10802
8382
6274
6273
14460
11765
9131
4282
11349
12698
4186
1431
13379
15012
6969
1915
2759
5818
10957
10800
13674
11219
15040
6458
6337
13972
14873
993
9534
8725
1776
3580
10526
5799
8320
10645
2081
6583
4356
8073
2420
1392
4597
7139
14322
6733
4325
6272
4298
11690
13314
2298
4238
10362
4194
14279
2977
4327
13248
10293
9297
2110
3993
3475
10797
11627
11513
191
2445
11764
1619
9347
1909
8067
14641
3114
903
11815
6340
12186
2282
740
9491
5177
11076
9340
9472
7868
1830
1560
1563
2069
3492
1352
3164
7600
8953
8566
10653
2104
9716
9079
4470
10551
11075
11837
1642
1768
4294
10782
7073
14771
4566
4401
12084
3648
8088
2548
10661
4332
6857
1971
1446
12648
4296
8666
10486
2594
8595
11760
2393
14268
14273
980
1932
8903
4008
1755
11358
14891
1685
6400
12002
4853
5778
6081
6954
8516
10019
2576
3416
11924
12208
7185
3935
7990
14647
2221
996
14151
11864
4320
15004
398
12023
6709
13162
5314
6766
1536
7049
8050
3841
9253
7690
4576
10426
13967
514
7481
6355
13658
303
4897
8064
13810
1167
11403
9240
7763
7994
5749
1752
7131
11294
3546
4147
10104
1848
6249
6730
8362
7655
13295
10506
6505
1242
11571
6557
3538
13695
10641
7798
981
8156
12625
2143
11028
10501
6957
760
3883
6463
2279
7135
1366
10487
10613
12933
2409
8999
7317
8212
1386
8440
12656
10786
14286
15011
8678
4582
4465
2669
12325
3749
11449
14329
812
2208
14907
13276
6854
10650
8338
2287
12548
12819
8810
5532
6460
11254
4450
5527
14278
10162
8044
8121
4141
12912
10446
9071
10577
8086
11495
6018
10318
1021
8297
13102
12375
3863
6619
7264
965
9498
7710
4148
4237
10523
1858
14997
13981
7270
10294
212
1746
12880
8777
771
12020
10308
609
5769
12210
12158
14652
6751
10117
12842
15085
2795
10152
10218
1407
698
10953
10413
8098
4372
4438
4653
1522
6885
3101
6377
5134
10396
2333
11224
1109
10828
9066
6911
14051
5113
4648
810
3838
15009
4439
5874
13696
7942
4633
2387
2111
4609
2348
14914
779
14013
6995
2103
7608
209
12937
5898
13997
2272
3833
11193
6762
13600
8092
7488
1364
1497
10210
10674
9117
6298
1217
12660
14645
7225
849
10958
11226
6154
12279
247
7153
6260
11818
12721
11402
14972
13990
860
14437
10583
4251
8033
548
4160
15089
6620
10766
6401
6438
9144
7297
1097
13678
10207
6321
11590
5317
10902
5116
579
5794
10965
10637
4210
6755
8737
6485
1972
10142
49
10791
825
12595
10129
6571
7778
9488
11541
4604
13193
12714
10440
11216
8692
6734
997
11298
7148
7352
7061
12281
4627
13975
10478
9100
2477
10322
10789
7797
7311
195
2106
4866
13105
14911
4218
13156
4442
9627
6839
7726
4509
6414
10402
12542
4485
12358
13334
7469
1687
1439
667
6509
3054
6046
2737
1902
10130
4523
11586
4621
5985
14539
8601
10885
1648
14913
920
14653
12825
829
9145
7969
14838
10611
12344
11572
6834
13279
9598
4185
6636
4448
4440
1829
12895
3502
293
6840
7650
9222
13795
2322
14910
13549
13994
915
2391
14809
10519
11164
13391
14244
10675
2814
13752
4270
998
13399
7184
6465
11828
10360
2235
213
5820
5783
4215
4881
6736
4574
8243
8680
7064
7609
13602
6702
6322
12643
844
14731
10884
14494
1686
10311
8682
1330
7483
10555
12175
11116
6200
4526
6899
11284
1781
1678
4623
4570
6437
11803
13259
4579
7480
204
5633
8748
2263
8116
4902
5950
13745
6865
5770
7867
2574
7079
2130
1452
4948
1949
4646
6478
13751
772
1799
979
12056
8078
7261
8621
11428
5768
11472
12876
14161
6296
12955
7728
13190
2276
13110
4631
4670
8197
7347
13675
4155
11577
7273
4214
1586
8391
12471
4354
4671
8333
13989
10387
14032
5765
1787
10929
8179
2784
4102
3441
14981
4883
9103
5781
7838
7141
246
11579
13121
13583
918
8530
11963
13640
2456
14014
4220
4666
10925
10401
207
4441
10954
13886
8065
922
2786
12046
8293
163
1841
824
7259
10230
11023
6864
3980
1326
8204
4490
2113
2437
6228
8593
14164
10765
11786
12290
9876
3627
11024
12722
4934
3899
6455
12244
2756
11526
10680
223
12843
8079
15080
1844
8005
14871
11366
4573
7156
10181
13174
3842
8571
4243
537
12277
7363
1252
15034
10575
10450
4643
6546
3732
11509
1136
12081
6237
6199
7140
7214
12740
9022
13711
6240
1683
770
6406
2320
14163
2473
7966
1510
11578
10197
1348
2082
364
795
1975
7686
8040
9148
320
14482
10725
2782
9090
11295
12160
10578
15032
10459
2760
12512
9055
8384
7789
8077
11830
10712
4504
4908
6925
4590
15090
6442
8066
1920
5787
14762
11610
8684
6446
13283
15030
14959
7044
7902
13426
10556
9053
8443
8779
10701
1976
7489
10568
8923
11367
14957
7209
4452
9014
14719
15036
4649
272
2057
4307
830
2417
13776
8518
9168
4479
9082
14810
6728
15015
4624
9149
7743
10146
397
3479
7065
3809
4461
10812
756
7689
2454
14851
8186
7196
201
4665
5876
2105
13099
1679
13299
4663
6735
14635
12845
4904
3402
8031
11644
11956
4324
4901
6855
2352
11995
1356
2340
4263
9353
9002
10156
1535
8552
10116
1334
1299
10365
7917
1043
14774
14689
1846
3404
15088
2284
11253
10128
1373
11992
959
1233
2289
3003
11857
4851
12472
14772
10201
12834
7067
4161
7570
4437
10683
2753
4844
10489
11196
12221
1122
4664
6242
2988
4010
11486
9337
9169
13979
4190
7216
9021
10155
5393
8589
14757
5908
6216
7656
4661
7102
14732
7194
13661
6243
5091
5353
3478
14513
11312
5355
9177
3949
11977
13725
13365
9113
12546
10473
2160
9102
5806
8412
10430
11843
4886
1226
4443
13915
2114
11297
11323
8241
6906
14977
10429
14544
1779
8018
15006
3431
4575
3717
4069
6332
3548
12662
4478
1815
14228
6559
4268
14770
295
9195
291
6291
10145
3755
11090
13089
10247
8594
4591
7159
8644
5252
14398
1071
1890
3458
8089
2652
11176
2115
4845
3822
1501
6720
6229
5534
4226
315
3802
2233
14730
3805
1333
14034
1996
1374
5859
6757
4651
10209
8743
363
7090
13566
9326
6756
12050
12481
11195
859
8515
4449
7066
6795
7132
6424
14321
14927
8588
696
12717
9194
8472
14971
4811
14760
2987
251
14270
8242
11422
12493
10488
6874
13950
841
15082
14261
11817
14928
12827
7127
9219
7774
5090
7772
7891
3506
7762
12519
2866
12466
5801
3419
2309
14703
12695
7704
1857
5262
7193
13277
13380
4849
2300
11398
1088
14534
7925
12200
14060
14296
14066
14319
4103
5662
13212
3694
933
11962
13091
8436
1229
7479
7326
11984
10750
647
9087
10233
3808
9155
13311
907
11968
5948
3901
5840
6873
12850
3900
10821
15028
7754
6348
6595
2392
5180
5343
8315
7800
9092
2651
3722
12220
2468
14802
13303
6224
8868
2930
13090
12730
7459
194
1067
10584
10332
4932
9197
14855
5477
13877
1919
1516
4862
10536
12770
5175
8058
12049
8668
10855
854
10853
282
215
12369
6592
14868
9328
316
2998
321
8143
309
9285
9245
9291
14900
9251
4898
4116
10001
9107
6741
12494
14917
4005
4334
4348
8218
208
10735
5199
10380
8188
2116
3736
2064
12749
7692
14875
9250
4612
6598
6205
1211
10303
14854
7574
10914
6605
1349
11478
7731
198
9407
210
2591
13326
10234
197
3414
1772
10232
6901
11706
8652
8862
11079
10408
15019
13714
3039
2475
8660
1747
12744
12288
1525
4236
5436
731
10010
13327
4865
1775
8981
1496
8912
4359
4548
5342
6212
2762
709
476
11692
2180
14220
12865
12165
9335
7568
10744
9538
7144
1611
8851
8913
11230
11781
8334
13297
3847
6281
4587
6732
4592
2596
3744
14758
4571
5040
13298
11074
2338
13069
10614
4977
12552
13460
13312
12621
7042
10237
12563
7011
4667
3921
14102
3577
8816
10868
13662
14661
7638
14425
4838
5780
5992
7543
7502
12127
6001
14943
14203
718
7099
6859
8688
13461
7963
6889
4634
11936
2389
13354
9227
3920
11329
10405
13462
9000
15076
1213
12857
1105
4729
6399
3124
10759
2046
10685
1295
12677
4769
7974
12253
10633
6808
7688
7744
10571
9945
4230
10521
10574
9065
6964
10676
10652
2217
10120
4060
4747
10351
5814
3123
10533
8503
4537
5658
4799
1358
11965
13165
2585
6796
7566
6937
1286
1653
9226
11862
1741
5612
10547
11795
2790
403
12640
4837
7505
12124
11421
11745
6832
368
11504
7795
8325
3509
8876
12485
12496
11381
3727
7831
11929
13355
1893
9896
2579
11462
3662
4780
12187
9283
14234
10542
4750
12295
1773
7051
2189
9206
6354
6489
3827
12396
4638
10491
6294
5976
4464
4605
12276
4618
6252
2736
7723
6729
4980
7008
11320
7903
9302
6746
10178
12424
11493
7093
633
6264
3828
7163
14204
14202
11490
6910
8820
6395
1212
9357
4015
424
13163
9359
2476
6210
9512
5966
2421
15044
4596
7281
4137
11771
8251
6946
8463
10850
15043
11280
6775
4697
3041
6704
7567
7495
2224
14104
2216
6691
11746
12447
14077
14099
12734
11089
14549
9691
2580
4778
7905
9600
7561
6805
8549
8434
1903
14182
7053
833
4949
6861
12182
4702
8117
10646
6820
866
5683
1710
3724
13040
9977
9294
2807
4792
9377
2859
10063
12841
5506
11437
9431
9757
2971
9132
9193
13842
7058
2853
6244
4267
7282
2447
4999
7695
10052
2561
2557
5663
14656
9663
5522
1284
12446
2448
1108
216
6601
11913
7718
9398
10946
4740
9802
2886
15038
8628
5732
1125
9951
5150
8049
10097
6306
13938
4790
5026
12541
12255
1379
8592
2172
2010
12555
12111
12556
2119
7318
2990
13647
7635
4603
1283
2093
2196
4323
1810
8101
218
3811
2206
3846
1580
13844
14841
13413
4118
8010
2091
2781
8006
8029
10642
9095
12849
2080
2086
3448
12877
15029
14271
1999
8030
4562
6472
6282
2726
4275
12311
14274
4407
10895
14441
8425
5440
6098
6114
2262
11757
7276
7277
12527
5991
11894
10132
834
4658
8504
1917
9349
5835
13937
9552
11061
11787
13804
10242
7804
8131
13087
8804
6381
11950
3835
8056
6753
14465
6844
13294
4685
13202
8146
9623
12041
4187
4644
6318
10698
4763
2257
15061
8948
5989
11463
8442
6717
14831
7840
8819
10640
2702
6715
4335
11078
3859
8645
10663
1864
4589
13119
3658
1771
9873
5038
7930
4593
4933
1245
2311
6336
14975
12306
14924
6930
11693
1140
10109
13246
12157
9151
9091
7612
8869
4402
2653
1363
7001
4277
14792
7275
206
11055
12835
10287
4639
14688
1978
6521
4572
7299
4539
7192
11788
7094
8145
12862
10510
3723
5157
12553
12554
8253
7017
10857
2265
14247
2488
4188
7835
7815
203
10497
10334
7050
1769
10711
12868
13044
6999
1579
913
9883
7186
11875
8502
9114
2725
88
4276
6459
11625
13301
13466
6739
4358
2578
12523
10299
9517
7649
3731
14987
10250
11598
4279
4628
10981
7853
4890
2716
12572
7582
7775
7360
4379
10960
8650
13292
14667
4601
12153
10100
13376
4559
3593
4577
4518
10190
13397
7176
5483
6236
13111
7832
12848
14893
4280
3635
10570
7043
14822
12873
10213
4166
2170
12423
9898
10000
10437
6221
8354
1568
3875
1365
5752
12633
10369
12224
9342
8400
12875
2633
7973
13773
10319
14939
11171
1387
11058
3893
8431
14583
2494
14933
6219
10326
7150
5586
2450
10893
1202
7204
2174
9449
5558
8734
2565
9232
1405
6810
7399
6782
4805
3210
3844
9772
6623
8457
3619
9796
7465
4789
4803
6816
12341
9688
5842
5062
6818
7746
333
708
11682
12330
5485
5913
10776
8966
2147
2679
14979
8908
5365
14103
1640
12571
15092
1121
14186
9682
8007
4157
6303
3422
707
2613
6617
11844
9660
10865
11435
2681
5703
10171
12251
8193
2549
9693
9389
2592
10049
15065
8655
9662
6848
2169
9370
5592
3655
12252
10847
4380
8223
3352
11365
9460
7886
3923
15001
9596
496
5856
8983
9395
8824
7808
2167
4688
7359
12440
2125
7313
3917
14217
10004
6220
12632
14843
9003
9597
3605
9417
11477
6164
11930
12250
11293
8985
5251
4180
2135
11409
8090
928
11783
7696
14999
10763
10995
9730
7761
1664
9475
3361
3228
4829
506
5423
14684
13865
7199
5863
11649
4517
11804
15072
4351
14177
2562
6552
3984
13639
2734
5490
13194
6222
493
5968
2678
1842
13136
4353
8418
6223
9241
6711
51
2054
3027
2144
2131
6800
14658
6984
8252
2149
2515
8736
13052
2032
12671
12780
10078
12686
3978
1705
8937
10199
13053
4368
6276
3007
12867
11903
11163
1440
13138
10558
8136
228
10416
334
6846
4795
4493
10436
1645
4036
10186
2581
10154
12564
850
14698
10494
524
7048
12433
656
10502
2815
10630
7572
10498
2667
14704
13367
3415
14092
4810
12946
15027
13258
15103
938
4400
8004
14397
8395
8152
950
7776
12626
14720
9336
7535
1880
12422
11732
3116
4801
367
7907
5906
1644
2595
9033
8449
6860
7439
12641
895
13051
10530
6904
14511
485
8657
14504
5529
14498
11958
1102
15084
2600
440
1369
8832
11747
10175
7107
6206
1460
625
10496
13811
13424
3418
3480
7755
4540
12829
8996
12511
9511
12864
7986
4302
9615
7722
1556
723
9418
2501
8492
10513
7681
4710
14200
10634
2186
14135
9366
9867
4700
8783
717
1004
10635
2851
10598
5580
10477
13039
2052
14542
4857
1665
2183
1564
7292
10411
13148
10621
3679
6570
10223
775
4346
12426
1274
5295
2646
4349
11188
1595
11104
10453
9892
10731
4381
7964
10447
10726
7956
10448
14199
4463
2677
12889
12581
13191
6960
4304
2226
10136
7146
655
10545
1119
10580
11859
4701
4309
3620
4735
12217
423
3516
14541
10945
11845
1941
7549
7452
5867
2960
10415
11382
13464
9317
7384
12183
10059
11607
5636
10887
11286
1214
724
597
1037
9052
3756
2188
7427
7708
10251
7751
6987
10317
4283
2645
1570
4258
1469
13941
2599
7781
4783
11807
10889
5652
7108
711
8356
14059
2051
8547
10729
5282
12902
5385
12822
1751
4784
10061
14174
7386
2757
10503
9654
9880
3554
4736
2047
3639
10839
11488
2092
2856
11347
4981
14503
15070
5154
13168
1171
54
12816
9378
8829
2560
5030
4058
7197
10058
3889
498
6963
7758
12763
11969
4365
934
3642
7700
14276
7409
9364
7440
7428
7550
9242
2205
8386
2400
7519
2799
3733
1327
13181
8216
12218
6806
9262
4483
13320
5864
7632
2583
2862
10173
13522
10388
14221
13940
3979
4754
12854
9266
10338
8721
11916
3774
427
1106
8399
12990
6507
11872
11218
6905
6868
11147
14148
7245
13005
8555
9656
11784
4266
6692
7935
7412
8854
11923
7699
11136
7035
13508
13015
12514
10463
1266
3778
7463
7240
8575
6191
1321
1335
7745
665
4052
12114
12610
3940
1291
14196
14950
12515
14180
8867
5379
11656
7709
12267
8957
6915
8020
13533
12593
11419
4950
10493
4421
8277
7287
14629
8284
9171
5624
13300
9129
13200
6473
8167
7267
2892
3167
9307
12524
3300
6650
11766
13750
10479
2202
4953
6051
4078
8619
5346
5144
564
4318
1244
874
9829
10185
11863
10462
4301
2914
10468
737
8675
1869
7446
8292
5561
9277
6813
2890
6089
14192
4404
5620
1916
13579
12513
3250
6371
5493
12069
11208
11380
7522
9278
10067
10856
5417
5510
5118
10431
14100
3356
2687
14579
5289
5615
161
10581
10456
2035
222
9931
3183
6648
13755
5651
5153
13624
9202
10341
1151
12392
11867
13229
9049
1025
2028
10673
2992
36
8968
2946
1040
2083
3050
4765
6977
7679
5437
14386
1445
5674
10422
3270
9669
8605
302
11040
3325
6100
6527
11455
13117
224
4991
10261
11722
5505
7467
5223
10276
8877
13723
9531
10841
13851
13827
271
1096
14266
2671
13066
784
9327
9827
6917
8613
11155
10395
12613
9238
1421
1825
3955
13274
12014
14904
8597
1315
6992
4424
11082
5851
435
7349
7946
415
2717
1429
14897
11424
10166
13078
448
24
4374
1100
12107
9478
8228
12767
6167
12858
9794
11499
3464
12847
10144
12679
1743
10966
14464
3420
12609
10743
5011
5172
8646
112
1493
6054
14556
9230
10212
11549
7014
13652
10472
10742
7027
7970
8567
3428
10668
6673
80
10266
14714
14467
549
11052
8729
12941
500
7321
8185
9184
3237
869
10455
14715
14253
477
1897
11898
4459
492
5420
9365
8770
81
10088
13903
10307
9362
9466
7965
2538
4375
8200
7364
9766
13902
2939
9236
13207
11373
6071
1929
11522
13201
5239
12480
1704
9286
6233
13864
11186
3803
14683
13230
3806
528
9295
11500
13199
14963
6091
14618
10028
7243
5760
13687
14572
96
10217
11088
3703
5638
4432
5013
10290
8353
12534
11563
5776
4419
11926
6150
11896
6057
7348
11658
6626
1294
10804
7385
15106
7826
3631
11086
6640
3212
9928
8531
4428
2361
11355
6302
2509
10264
10460
13342
14660
10986
12611
5017
2014
8276
14936
13014
2985
10335
2018
8407
3154
6481
306
9282
14576
13242
3238
10346
9463
9369
7950
14905
343
5368
13866
451
6284
7074
3892
3636
12731
2855
4427
1824
8771
4199
735
13395
536
3151
11334
4516
3030
14020
546
11866
13524
10860
8775
9123
14712
10066
8268
3595
10163
3594
10258
10681
2911
12501
10780
4955
6634
11569
6177
1876
3226
9667
221
3236
3323
7379
281
733
9190
5827
13047
12738
6152
1402
3641
14000
7438
1877
6625
13686
13206
2878
13952
7269
3967
13684
11635
4074
7152
48
1826
3864
8345
4954
15055
6638
162
7088
3676
8322
7403
8773
12353
9310
9
1189
6635
14500
11234
11340
10269
13730
11369
5729
8961
474
14740
482
8164
473
3111
13272
7611
10214
3963
13140
10805
7484
14940
10806
8357
13115
2023
12415
10205
556
9820
3823
14107
5845
8468
8776
6383
11038
11839
5797
8115
10148
12319
1707
2513
10113
5398
1002
7310
2442
9532
10244
10297
1849
2816
5924
11868
2846
3195
7239
326
10444
340
13561
6483
7554
141
1257
6115
12964
5006
3922
5650
8221
14106
6998
10315
3357
8104
6165
7703
13286
12999
4179
13118
13724
13882
10353
4011
3564
3565
10559
12808
13154
14086
11748
11215
10198
13786
14533
2127
2128
11432
9234
3308
3824
420
4183
13871
13315
11988
14582
9832
9422
2512
13147
12106
13778
12697
12083
12121
3474
11838
12907
8940
10280
8772
13815
3313
11985
12580
14097
9264
12125
240
4941
6959
2901
9235
3693
14291
3667
13685
494
84
13820
10327
5886
14796
12577
14030
11713
4918
5059
8456
7887
2837
1714
6541
862
7545
12778
3126
2833
1695
6668
4022
10784
10951
2848
13517
6197
14096
8559
7750
12598
12479
11874
8274
10794
8286
5686
258
2019
7244
14187
7165
8282
13899
12751
14520
10495
5344
6214
3576
9203
8922
12334
3938
11328
8651
4820
8385
7558
3162
175
10619
8466
12680
6310
6037
12477
13511
5722
9315
5564
10842
7594
11213
10099
5257
11842
14171
10758
4176
2022
243
7378
8025
12691
9391
13531
4738
2861
12794
13120
3845
13167
11436
3072
9729
13510
11934
2860
15057
11197
10930
3762
13175
14147
9135
2772
7996
2682
6781
5516
8919
4383
5850
12746
11458
7890
5139
7748
11775
9267
5387
14866
13228
9570
13378
1744
7759
11133
5669
7713
9759
14146
10587
14292
11861
10700
12259
4408
6966
6412
13539
9841
1271
7541
11126
7151
1410
2602
9518
12451
3392
7779
7768
234
10915
14516
4289
8806
10157
15000
6523
726
10248
4071
9984
7540
9270
2733
6890
11939
3019
5484
610
7072
12569
7843
13055
7657
8807
7819
11850
2751
11276
10305
6443
1740
10740
14179
7875
10060
10833
614
4178
12383
5160
2215
71
1896
13923
7823
8995
2117
4739
6949
14184
13057
11391
9425
13249
5161
4285
7294
3036
13250
10228
2714
4433
8739
15051
14399
2102
14
11714
7642
10515
6234
9039
14376
11752
5025
4097
8494
14374
8980
3542
613
2211
10749
12248
3353
13164
14380
2777
8421
10025
7911
4273
12812
4534
10524
9952
6797
3087
11372
14526
9523
3930
6913
10702
10910
497
668
4741
5196
13048
12484
3393
5127
8217
4947
9060
7715
7782
11482
14725
4772
6799
5287
2231
14085
2074
7096
4692
6772
13717
12562
9991
3782
6921
4770
13054
5788
10469
4434
7909
10274
15062
8335
14405
3567
9828
2865
9465
10283
14806
2897
8873
11848
2692
2695
13170
14387
8495
10760
5033
12308
2776
5559
1959
13129
8994
11154
4761
6258
6257
7280
9156
4329
11124
3637
4686
13492
9655
6770
7314
4531
11802
2718
10624
13050
11972
11675
122
1158
13845
1381
11453
5023
4045
10762
4292
15025
11153
232
12260
7851
6350
6776
4722
4914
4751
8586
13366
8003
7952
8161
10084
8148
6812
2601
5094
13038
3988
9397
9689
13364
10454
1892
13740
9917
8445
7603
4791
8874
6190
5861
4785
9745
6422
3607
8728
2694
11169
2770
6586
211
11336
1328
11457
5551
7590
1033
562
12103
7078
5680
7663
11849
6789
9299
5327
1170
13458
14181
3354
7009
6655
2122
7443
2683
11810
13521
9768
11375
335
3977
13072
3293
5328
8585
5212
13071
9013
4748
13073
7735
6524
4249
569
1442
2177
4529
12980
10923
2968
1717
2489
787
11112
13328
14620
5581
11835
10901
9476
12585
4759
8956
13126
7725
10610
12460
5419
10170
4287
3959
4513
2621
13291
9290
4962
12350
6581
2315
429
11374
6077
3028
6660
11130
2945
13943
8747
6147
9125
385
12938
13948
8831
11183
4399
3867
3760
3268
9605
15023
1220
13251
13215
14655
2241
2608
4723
4108
8746
13358
10270
3759
13390
12193
353
3926
11095
5253
11073
9541
12836
12156
2898
8287
13690
9259
13417
6794
4766
13673
6564
7228
3128
13925
6828
9429
14570
1973
7846
8691
9967
759
1078
5995
10083
9482
5947
13582
886
6188
4940
13210
13254
8376
13145
2805
8339
11325
4212
3966
13356
13226
10606
8661
8715
15047
12958
1881
9461
6607
8364
5795
7086
13023
8546
11782
1512
12592
10903
9989
3663
9409
14989
3712
13278
5517
10399
4527
7047
9321
7738
1716
12614
13353
2567
13538
7753
2227
2357
9840
8544
11238
2639
14657
14404
13735
1104
6780
426
14677
3186
14934
13540
9849
6914
11338
8584
5957
6940
2620
10203
3950
8674
4124
3726
14505
1437
4691
6495
8548
12421
12110
155
885
8441
5515
2767
9795
9696
2048
2564
14668
1160
11461
10959
14149
1749
6506
5690
7315
13512
12139
10848
9731
10863
6961
7992
11624
8273
4771
4412
3924
7872
1882
12520
13112
9134
3305
5174
7536
3273
10298
7736
11846
11468
12354
12724
11669
9201
5183
7752
10531
4727
3388
6116
9767
8311
3071
4019
8208
12905
8328
4317
3745
2197
4411
4077
3613
9946
4409
8976
4013
5499
5812
10243
3143
13371
4369
1498
13434
12062
4892
14041
14696
12123
13942
5736
7625
4366
3272
11911
2124
3176
3508
3735
12993
3517
14613
12189
13128
6701
8794
14880
11834
6124
7619
653
14676
4913
13855
3346
11420
6351
11906
6341
11491
8368
7503
1812
12687
12138
624
8415
786
12406
4415
1925
14825
7460
9886
3942
9711
6811
13006
8107
7771
357
9300
10337
4367
2697
151
8291
1485
118
8627
179
11639
12436
1924
3359
4355
5369
9709
5238
5402
11811
4787
3233
3075
10043
14682
1312
10819
9801
11540
9780
11072
1596
6076
13416
3317
9964
11967
437
6370
3945
8993
11960
5585
8693
172
1179
11065
12537
14634
2887
9441
9774
9438
2078
10899
1750
11094
13727
14996
13697
9001
6462
12666
124
4177
7504
6785
6809
5501
9786
11999
12788
6979
5029
1666
13349
13243
8579
7437
6050
4779
11998
6256
2182
7147
7593
5487
9436
4703
3770
14922
14755
5593
6500
13184
11260
7032
14201
6056
1394
8872
7578
4050
8632
14407
3597
11229
4018
13306
12057
11198
1630
12435
2200
5568
5481
5660
10389
1143
10866
4718
13372
1017
2153
9371
10950
11465
7418
14190
7417
1543
59
11120
7820
13075
8733
10982
4373
12741
14856
4798
4550
487
10183
3122
4728
11630
5273
12779
4730
9044
814
3047
13737
10421
5325
4028
14894
3715
6095
12869
14993
11318
3714
3677
6869
912
11620
458
14331
14205
3789
14545
14591
5267
7919
12645
9268
6101
1090
4543
10363
911
13304
4219
189
11621
10301
14705
2900
8133
11718
6983
7914
2647
2161
4039
12619
1627
4475
11109
955
6967
4306
2910
4535
7906
12329
7433
5772
9884
12204
1359
14901
7583
1952
3370
8827
10647
11763
10358
7143
11753
13302
4195
14002
3120
13322
11694
89
8147
8012
8249
5805
1551
14226
12828
12142
6277
8823
7821
14954
788
13332
9348
6544
5424
6723
4416
767
8905
10110
11291
2360
11836
6582
10461
4905
12565
13086
12605
6792
3358
13319
14898
13769
4560
1912
265
2281
11695
147
5414
6477
7855
12231
13010
3523
4812
10728
13666
15053
6263
725
4650
13631
2306
12087
3335
4578
6744
10221
10594
14751
10942
2259
12434
5079
9330
14846
5975
10005
4974
14342
2916
728
273
14962
4611
2929
11941
3001
1221
14227
12935
7450
10038
2590
1178
8149
10176
10695
10390
785
14323
4207
6740
3738
10588
686
2554
1605
13968
892
523
12086
11721
3068
1657
11545
623
648
14413
15058
13287
5193
12784
5124
2730
9493
1947
6317
11271
4295
1609
9544
1418
7100
14768
11252
9750
5528
1238
14849
6490
9591
8781
9178
6269
4125
15102
3773
4869
2905
863
3820
7949
9514
5110
11664
12638
9513
6503
12431
3472
13763
1558
10757
4001
14729
6653
341
4830
7498
6063
7734
10912
2068
3483
4117
5565
14377
7971
12639
157
10620
2874
9237
12119
6900
9175
8017
602
5214
5215
9648
10082
377
6695
4000
8817
5937
12582
9305
12077
14530
12026
13493
12942
10272
14257
2077
1080
1587
3960
14463
11779
8805
13013
13537
9835
6575
12504
10717
3051
11697
5830
3819
4712
13999
651
11801
2012
6023
9620
5754
2547
6394
3616
1280
2963
4061
10443
2857
2986
7241
10225
3469
9142
4002
11054
2030
8636
9804
14941
12410
8803
6367
9214
3547
5993
7552
7560
5448
4467
3664
518
13562
6432
8275
4986
11140
11321
9308
10778
7960
12713
6451
5627
14955
13187
3248
8227
13619
14946
5694
1262
14269
9116
5388
5926
10927
13446
4496
5556
13840
279
4781
4846
7509
13041
6929
1886
13894
5726
5126
7236
8598
11876
12185
11667
3132
3400
7807
8811
6685
342
14114
11389
6783
7511
14713
3259
9742
6849
4742
1960
12961
6817
3112
4804
4775
11614
545
8887
3213
11172
11152
8166
12272
5024
4752
6349
6452
6801
12797
9423
11357
4673
2466
10890
4660
3522
8659
4049
4668
5083
2974
4128
1204
12798
11047
4514
14169
2324
8853
9640
2487
4928
8023
2455
12286
5008
6326
3182
1868
12060
12576
3324
9639
6764
9358
12439
15060
8750
9509
9979
12539
5610
3690
2688
14611
3017
2654
14141
13437
2275
3766
6927
13482
3830
12016
10150
13636
12974
14710
3198
6102
8340
9932
8789
6666
1285
11114
128
3914
12774
8759
2558
5677
5108
3207
2545
3320
6577
13800
3670
127
1196
888
3911
3599
3912
8944
881
9360
8716
12673
14797
12347
14700
4911
2888
3562
1574
7980
1084
10045
8533
188
887
14371
3910
324
3561
9636
4921
1083
4924
3557
8755
5771
9819
7531
2551
9934
8717
12615
6230
2310
987
14170
11412
6134
10075
1867
3026
8685
13766
6609
4847
8497
10609
7555
1210
4250
2750
9035
14095
3618
3105
13868
5685
3515
3190
9212
4340
12692
1760
5523
582
13767
3592
2366
9314
7351
3608
852
1382
2242
1304
14154
7354
8355
8935
7812
11727
9218
11190
12532
2787
298
14031
3035
13214
9248
6787
8191
9914
355
8839
10751
2480
14476
13893
9937
10328
12167
1839
6574
300
5689
9256
10878
11558
7166
657
5291
12518
7888
11931
12104
62
10835
3203
5389
9004
13814
9036
15096
3298
8375
8344
14457
768
3848
3206
9924
13497
679
9005
9007
11912
14517
5326
5269
5664
11315
2840
13837
15108
9275
1241
9856
9012
5255
4919
9008
594
9882
2864
14142
3090
9821
7606
13502
3539
9011
3996
13885
1137
7916
6661
7528
9573
5311
3258
3265
1461
3699
11483
12312
9778
13596
2841
5407
12170
8254
8669
465
13007
1232
6146
10343
990
8224
3227
8915
4690
12726
8926
55
6630
462
12535
14840
13849
9176
10267
9887
1757
7940
9816
940
13
6120
5545
9427
10768
7097
2638
467
1612
82
11274
10020
38
11248
8664
14406
6217
15099
3586
14176
7289
7242
6142
9174
7630
1622
2150
4876
10253
14895
7247
12071
8326
643
12351
6012
9006
8795
1236
9124
11987
5130
7411
7862
5728
7623
2926
12909
14137
13947
1753
6896
9888
9252
6603
9484
8826
9916
8349
12771
9665
4341
6444
2903
13637
219
1426
3671
957
11404
6895
9926
3326
6897
13929
11267
3541
1430
2058
14395
5027
11018
11561
4044
4724
6777
3674
14138
12132
7859
10288
9706
13793
6195
3995
3214
12971
14903
7075
13409
1821
3589
5072
6622
12411
9634
7622
11537
2712
12031
5655
14140
1259
8708
11080
3812
7841
10836
3598
1745
10087
4669
5697
182
10286
1191
12209
7559
1758
8094
611
8568
3219
8802
4455
13828
17
4357
5410
7510
5438
995
15109
14804
1383
6798
3621
2317
5254
1435
8022
8215
311
6122
2909
7329
5270
13669
7987
3021
1186
1961
7358
8373
14938
5525
5524
3262
6413
8609
14564
5462
783
9699
2495
13744
9434
6430
12136
9761
2630
1454
1265
3518
11907
5666
9602
11430
1987
9446
3261
13753
12387
8880
13858
13874
13708
2533
12093
2327
9793
3209
8026
4796
12147
5617
7155
1603
13928
6814
853
14601
6774
1819
7353
11283
6344
4694
15097
289
8351
2520
11034
1209
14451
7069
10871
11060
9616
5714
5716
10226
13132
5513
11464
5552
9644
8624
7477
4033
6898
13908
11852
5665
9972
3601
7106
11452
11330
3394
6283
1599
9454
3572
9279
9812
10849
12750
10693
7380
3367
12966
6496
13348
6363
10071
12287
14001
7958
14592
6136
3427
12145
6137
4923
3953
5319
11873
11640
10070
12756
5396
11819
3962
12012
12681
5476
14316
11657
13856
2146
11135
10316
9803
7651
11442
8881
5641
2266
11741
5211
12540
8100
5566
6421
561
9404
10347
4182
6850
370
11098
3379
2413
10679
4181
3626
12337
1273
10705
7633
3289
4229
2829
6537
6441
13836
3348
11013
6135
7365
6103
1385
11671
481
3063
12739
10718
7290
1297
8906
9915
1231
7944
5707
11899
13523
3178
1261
9137
12846
2577
601
3843
689
12413
6087
6015
11011
7741
11002
21
4048
1181
5761
12678
14947
9698
9582
7544
10065
12188
6429
11584
7521
11583
9719
2826
9930
9996
9940
1038
4004
13095
5129
6945
3292
2820
1484
3204
9747
3566
100
12022
14734
9851
3525
5185
8835
5219
4935
5972
7548
1725
13227
5643
11548
2239
5695
4984
11812
7683
8696
13507
13703
3825
4903
11559
11564
12664
6684
9776
1888
11506
11406
14666
6415
8189
10666
3058
1955
9179
1453
113
11952
11910
14235
3775
13393
6073
13240
4975
13065
11638
10257
2873
2967
617
5156
3290
5364
1977
9138
8861
502
11796
559
2915
3526
3013
14110
7932
1253
11641
12432
14672
480
8507
3657
4916
2405
5578
4201
13862
12327
3148
13094
10987
13713
8226
1488
4371
13474
3343
6616
8153
6426
11445
11010
14159
14885
11582
1693
6099
13722
2995
722
3168
11048
8194
6554
5442
11097
12637
8479
1519
8895
14948
5231
5170
14072
12179
11009
4488
6159
12709
8350
12009
14475
14448
694
12968
757
14125
14883
2933
8845
5621
4377
3851
1962
6280
8000
2433
6830
7507
7250
13876
2643
119
11025
5503
4278
10094
3706
5313
11502
1079
8246
6129
5001
12775
8390
2269
13456
13422
13732
1
3004
9995
12789
1422
12416
3540
14514
6113
2362
13841
13720
14735
1018
738
732
14139
1012
3787
14780
511
2854
313
2839
13536
4909
11797
4842
1423
346
9225
20
5461
12378
14194
1424
14019
9553
7122
7398
3240
3743
9823
8372
13114
10767
5963
11045
6941
6003
2994
1524
11603
2804
6419
2803
1152
164
12211
13205
9938
575
167
658
6148
2844
13514
7547
5247
10281
15105
3138
10779
9734
3139
13532
9808
4860
475
8623
13476
1182
14004
11686
11337
8916
14250
3704
5839
3188
7756
12483
10285
10991
3189
8542
11043
4420
4684
9619
13499
9658
6926
2374
10357
14290
2569
14157
8702
11448
7685
4040
214
103
6560
14145
13813
7029
14586
7711
12072
10933
7037
8019
3654
7036
14554
14444
14863
13208
9205
626
9770
669
9118
14495
2350
3839
106
10013
3931
2100
288
12401
14111
3771
3840
8730
8951
11242
2869
2918
5034
3376
5956
3158
12957
13704
11277
2343
15022
11901
1527
336
9622
5498
2827
4926
5232
12261
14864
11070
2801
747
12506
135
2396
4362
14069
2367
10739
14116
9385
2339
2375
13368
2516
10845
9625
10949
714
6170
1166
3707
7003
8847
8157
6948
2920
1872
1487
3772
14216
11350
15021
13682
9751
5229
2715
2686
3975
749
1298
4554
10697
5648
12631
9325
11341
2831
9030
8723
9935
1409
5260
6330
9188
6997
2434
2056
1313
132
8558
12853
14607
13642
5555
9189
3866
13352
4336
12566
673
6016
3242
1163
3468
1050
10934
14599
12015
13552
10370
32
1476
970
9010
264
11762
9009
14753
9207
2394
3329
10042
12910
4259
578
4854
14466
8842
2720
5837
7346
8487
9042
345
672
3974
7218
4132
12949
11498
3048
1255
10775
3865
98
14949
5201
123
11798
5679
9607
6665
5928
14126
1305
2436
10093
7675
2363
11770
3299
5348
1511
11191
5494
11679
168
2950
4515
9902
9668
3218
6042
25
2027
11890
12606
6107
1337
1045
14346
9038
4392
6628
765
2506
6108
12293
13705
956
6109
269
6639
3470
10354
1539
9439
5337
2084
13022
1070
3275
2435
13483
13373
5912
14347
7499
2922
9798
6656
544
11222
1879
13525
9783
10018
14608
8458
8459
989
7323
5246
8604
386
2550
12776
6408
9777
10252
1706
138
13933
2863
1722
2373
7198
8570
11707
8630
8270
13398
10687
2000
4894
10967
9933
4925
111
5921
4197
14600
2809
5045
13888
99
764
13559
13146
8893
2061
6286
11178
7636
1107
1724
941
2700
1340
13468
9104
3064
9062
5922
10256
14191
14458
9121
3098
13881
6075
6989
1870
751
5216
14664
8665
3505
8127
4917
8383
701
12489
9459
468
10686
9891
12318
9057
1474
5925
14094
9019
5455
40
1534
5699
1355
12152
13025
2076
166
2949
9559
3088
8888
5923
13169
8429
7224
1184
7475
3829
503
2329
9686
97
11739
3831
7222
6138
5880
10229
109
13239
10823
4067
5962
7304
4081
2470
12583
9293
5202
3372
41
12357
307
3229
12061
12970
9869
10254
2919
9800
8199
7375
11971
4429
2879
7057
6271
39
2842
347
12199
14396
14717
6151
5508
10107
14434
14127
10425
9701
6045
2940
12516
13453
12206
8925
11051
9805
12227
1099
13401
3455
10381
1013
12629
3919
7076
10325
4403
9288
10566
4850
734
12859
11626
6078
2941
4032
3371
10206
977
1190
600
13777
7672
7125
11335
13067
676
4206
13761
10858
4480
3853
671
6939
14748
8885
4963
615
11604
873
14512
13491
9643
3339
3434
3888
8643
7188
13907
6204
6909
11776
4807
12405
6086
375
1089
9069
10282
3034
5945
11037
11360
5042
10485
7576
11339
1425
5826
10189
12006
267
12059
12064
6145
2009
13934
6551
2825
12967
11385
12201
7668
4262
13534
7071
14510
4893
9690
13543
5046
7500
2518
317
14486
1889
3524
9813
9733
742
9811
12783
14121
9775
7839
9976
5458
5336
1153
10096
14310
10968
2001
12490
9936
1521
6184
6501
1230
11370
8279
12809
12719
12091
3815
5629
1316
6130
8618
14172
8159
4835
11207
4082
13957
406
9760
14555
4473
12004
13581
2526
10672
14330
11333
10862
384
6613
5802
1195
12810
10041
6393
8347
4041
14334
13495
13762
6259
11036
10278
6175
1913
7355
6093
7373
6502
10208
12173
10562
3504
5762
13127
13679
2397
3795
8267
13819
12150
4946
9858
3263
12723
11300
114
101
7562
7168
14803
4544
14744
1434
11262
2927
739
13496
5228
13486
11046
287
7419
1246
11665
12377
12376
6158
7092
8464
5843
5441
3279
13580
8324
8582
7533
13535
8557
11602
13826
10284
10047
5454
159
10838
3849
9885
8769
10649
12752
5796
8848
9208
1894
7610
12151
12777
13093
11053
12407
3184
6125
3972
13002
13394
584
13681
1780
2670
6014
1626
3033
3721
7922
1533
14879
1370
3767
12053
5763
12213
12052
1207
3130
14565
4936
12403
12899
13431
4422
3457
1086
13241
13584
14415
5959
7344
4164
2701
12010
13829
10263
9287
8432
12080
3583
3653
12003
11989
13333
11550
11738
11696
180
2696
1155
8002
10936
6515
14536
393
9978
641
645
3698
736
12233
14708
4541
270
12397
3201
3582
14152
1942
1940
10077
9331
14492
8318
8190
6450
14716
6293
2432
4390
10275
10922
6932
6342
3045
6185
10279
5338
10948
8151
12404
7302
6649
13964
10356
13843
102
3496
7629
12710
13848
2431
14112
11904
5911
1428
4418
2956
5600
220
13382
290
14158
170
555
2034
6111
6285
5015
4337
11371
14233
6360
3491
3850
11279
8563
12067
9782
8927
491
7134
11593
2190
8564
13518
1658
14779
6121
6629
11299
13910
14384
6155
2464
3929
9298
11735
2664
14709
11883
8262
9791
11677
7422
855
8878
4944
2504
9309
2511
6163
680
6110
8271
2002
3857
11319
12747
9947
12951
125
11390
2120
18
14470
10508
9799
8560
2539
4057
3622
8068
13729
9575
12463
2430
8168
13152
1197
1884
14606
4053
10854
14834
11083
4889
10977
13186
431
5230
1056
9765
13520
7246
3331
11342
4027
10696
2972
12467
3440
236
12001
1282
3319
13338
3260
7626
13838
3046
6700
6807
5186
7130
14311
9276
2984
3696
2166
12591
12468
6786
11897
7161
8686
6300
4163
8162
449
5012
7615
3288
8689
11189
2684
2288
5334
8521
1139
1318
14355
3961
3666
5194
7445
11142
3264
9109
5093
7813
11259
4831
1938
4167
10706
9997
5670
3932
6513
1618
6308
10151
3600
14478
5307
9221
14079
13831
4308
5741
11497
7523
5354
14455
3555
1200
640
13784
1278
663
8522
3284
2917
7395
2742
9101
3623
9925
8846
8169
9379
674
6433
11944
11317
8687
5543
12302
908
1807
3563
266
9345
9344
14699
11266
9638
634
3709
14695
3456
11257
187
4466
12079
13471
12021
9343
2882
10837
11655
15008
4964
8452
8192
12510
8788
149
11303
6658
9367
1701
3758
5936
677
2906
13846
8979
3163
9354
6126
2096
4468
5757
7766
1549
13971
1759
13736
433
13405
7030
8380
5055
7749
13702
76
13630
6476
3821
3302
2528
5014
2524
1809
156
851
2037
8875
14378
7341
2159
8225
14131
3785
7961
4146
2344
12658
356
1726
14528
9526
1754
12674
11514
9785
9440
9323
14340
14585
3999
12184
13870
10944
14931
13817
5934
10816
2764
1234
13913
1113
14932
12707
11434
5320
4743
9551
9678
2744
14306
8745
11510
14231
4138
1127
14532
4867
5512
2191
14015
11928
2867
12743
1733
4937
7534
11676
3957
3211
4139
9051
4260
5069
5363
239
1275
744
11659
9384
4875
513
2525
6847
6494
2634
154
1039
8814
11725
2029
5009
7962
9748
9426
3530
5920
3129
6059
13839
3062
4971
2690
11314
7426
960
12799
2749
108
5043
5460
12603
6169
6007
14356
3118
9779
8467
9273
9641
3059
6920
1646
6338
4982
5004
3347
13655
9577
9694
8732
12364
2849
14628
12636
773
8797
1411
9361
4225
3669
14693
428
7260
14091
3385
9444
5370
10607
12285
3080
12315
7187
8238
8235
8300
3672
5511
11379
7278
12866
7806
469
5579
7175
4111
12441
2743
7828
7896
3199
9529
178
3943
4969
9525
478
8011
8175
5601
9894
5573
2070
551
9679
8198
2978
6182
6080
12675
5381
1814
12215
11305
3351
3814
5084
10471
1729
2979
2020
11332
9988
14998
8404
3277
7063
3596
5190
14283
14392
9406
1260
9715
14701
1276
9740
10872
3532
1957
12249
2641
9723
10239
3366
9306
1727
11353
13834
5227
9373
2336
2953
1528
7295
6022
7213
9815
9457
12668
10746
9468
12903
3568
174
11143
9671
1112
13802
11354
14733
5112
2497
10747
9403
13551
5142
2808
10557
5404
5380
6576
256
8562
4100
1585
8812
8321
8900
5204
8482
14412
5702
14578
14211
9041
12042
4106
13936
8711
12214
3473
3927
3057
8749
2460
6508
3074
3729
2416
7406
9271
8707
8992
11281
9834
1128
6140
5333
12793
9527
5751
3155
8341
9528
7563
628
1455
6618
9589
13488
11304
5128
5005
4793
5717
10464
5373
3445
9921
12704
11689
12708
5151
8358
7716
2414
9383
9674
6006
14133
2129
3832
5958
2337
12602
13530
5884
8757
2619
5902
5964
6186
5654
7444
1205
6974
5489
3235
11306
9464
9826
1145
10404
7972
6065
1011
3970
2425
2698
9845
12135
12959
8616
2486
8967
5721
15024
14225
6540
2342
587
3395
9516
8577
3790
880
2240
9650
9368
6516
2957
8232
8574
3169
11440
1492
9467
9833
7557
2514
14087
12886
14230
7877
10971
14150
2632
1578
9681
9893
489
10165
10852
10916
8970
1874
5919
10972
1093
10785
3044
4
6025
6388
1671
6024
9077
8626
13683
13567
14075
3739
604
9831
12690
3291
12960
12074
7167
6958
662
6528
3216
9428
6085
576
12284
11433
11410
5682
1292
4134
8170
1922
5301
3127
13919
4158
13847
11854
9097
7783
5758
5203
7142
6536
10756
3556
10249
4970
13749
10348
693
15063
12557
11554
14759
9637
9356
391
13775
6143
3907
9864
5980
466
14210
1198
3652
9098
3798
14603
8891
9702
6378
186
9744
870
2481
12601
10707
13857
3501
11724
12420
9739
9420
5057
4024
11438
14835
6493
11127
2631
1308
13100
10734
9630
10907
882
4135
43
3450
229
5687
9401
3915
11543
11809
9400
9703
7693
13485
11855
10874
2212
8377
9870
1718
2422
10754
8428
2097
10813
9874
12635
9817
1537
2783
6011
13273
9588
631
616
11394
5133
11352
4938
12470
11556
8202
1668
12545
2031
13833
9631
8378
12425
14604
3928
14598
6161
7449
12225
14166
12122
5415
6931
6531
5359
1669
5688
12400
8313
14120
8760
490
10811
8879
12507
158
407
2271
13909
5459
11942
2889
12154
12882
2346
12247
2458
8222
3217
11005
3086
2629
12503
11552
9842
6499
11601
7984
13313
9402
9707
9666
550
1728
10219
2296
9375
11551
10476
2258
14391
9537
7792
7091
6409
8130
6573
6431
13585
691
1268
6064
2636
7631
9555
10262
8850
9462
12075
3147
5064
8490
9339
6387
976
11566
14590
4343
1159
8790
1794
7921
150
9680
7596
9386
6903
2465
14763
845
6580
8858
13557
3994
5628
6471
5022
12408
14167
9474
13598
13554
6907
7340
11014
1763
13853
3497
1542
10035
12517
1652
14614
5613
9196
6339
439
9752
12212
472
3049
12394
181
8989
12314
14630
12646
2358
14659
1697
6403
5603
5720
8450
3854
14071
4172
14016
9341
7191
7123
10324
11492
14197
9332
4764
6793
13134
11408
8416
362
5125
10940
7978
11378
3877
8499
3023
10414
14219
9382
9853
9483
13872
4255
2003
1803
11007
5095
7721
351
9859
6556
2797
6106
6361
8323
5218
13556
2798
3369
5073
14983
3861
6356
1617
4105
8894
8986
10304
8703
1802
3590
14627
7369
4482
2157
3407
4090
14117
13560
6842
1162
1738
2648
2908
9017
11544
139
10561
1983
9029
8520
939
15018
7342
7784
8093
8137
2007
8800
8822
13318
10433
1766
1249
6357
6881
13601
3271
1865
1767
3081
5191
13457
7040
11307
6480
12530
6877
9411
9181
7237
6522
7238
12395
9942
8962
3786
1201
10832
8561
275
7780
8712
1001
10770
13796
11889
408
8934
5969
7497
5888
4231
1667
5220
7860
8172
7512
11050
12684
6697
1921
14408
1866
1192
13176
967
2666
8714
12499
3591
314
8641
7793
4487
8784
5548
1331
319
10349
1030
5184
10870
8331
1873
954
14836
10787
5358
13544
9982
11173
8174
6627
2529
5263
7844
9720
5222
10997
14165
4286
7527
9469
1928
13797
5661
5960
5684
6784
6168
7936
10769
5003
297
14832
949
11166
6425
6882
13237
8541
9355
9635
12112
706
7564
12448
9451
2527
12449
12155
2461
11236
11799
3944
3998
8465
11573
952
10764
14793
5903
11066
13204
11885
1863
5431
5007
4505
9405
1721
9713
14084
5996
12787
1513
14402
12486
1986
14800
9850
4021
9479
5509
9704
6688
1023
1116
3514
5640
6079
13742
13620
5443
6550
1823
11660
5375
443
8713
12359
12360
10089
8370
8500
6693
719
7538
6246
7928
6427
4855
5237
14479
1871
5497
5935
7476
8511
5952
11840
5339
883
6060
12144
7553
7959
5360
9838
14761
453
9063
9927
4151
2368
6689
9773
2462
8633
705
5169
3225
13470
10736
9363
899
244
10684
11451
13153
4150
8963
1473
12693
5433
10608
13809
6013
11685
3338
11444
3581
8539
1115
2893
10869
10268
126
7022
2970
10830
8336
7300
11450
13137
6972
1336
9642
2401
861
12482
11210
8141
9659
9374
3065
9399
14551
7640
12180
5205
9697
4319
3077
11856
11084
9547
10840
7173
3632
5616
12366
5553
6694
12305
14631
153
8778
11264
3336
6133
4101
13133
8048
13004
9274
2062
3969
8178
2457
10373
10194
3628
5691
11920
1165
10716
5645
10900
5478
2285
15087
9220
9554
4519
6529
11734
5268
5644
9968
12464
13180
1939
5296
13351
6993
6884
13177
3194
2439
11777
10385
8406
7975
11101
3467
13873
8787
7034
4951
3437
1131
1694
8991
7988
5468
10003
11119
9865
6173
13664
14969
743
5435
11902
10153
7357
11938
5910
1529
11893
14035
533
11467
6479
3697
13282
6686
8510
3512
9975
13058
14214
13088
7471
9653
14022
7026
6420
14550
8959
6112
3205
7569
11833
12994
8537
8509
893
10825
13901
2531
11469
3196
1607
13783
13709
10563
12073
11471
10085
3783
7181
5519
254
2823
2568
9943
1832
11953
13869
1177
9280
12538
11553
12965
10605
8478
3754
11729
5450
7402
12268
3675
5010
8371
27
1831
10
1463
11100
1980
2280
1263
2490
5953
5331
1049
11387
11235
4129
3097
9548
8960
9824
13178
8301
5576
11049
11466
6769
4062
8203
1353
6687
5938
4511
1699
11568
7646
13344
12936
11647
8535
6040
4344
11182
2252
7033
13883
14155
13781
4786
13421
7991
8205
13340
14223
6083
6082
10295
11508
12243
3285
11118
5560
3574
8990
2500
5306
14958
9987
5994
526
10484
12521
10289
2785
688
4131
12509
936
5457
1250
399
9508
4144
1813
2747
1057
6066
10344
4136
8608
8931
4760
3040
12118
9717
4447
3569
4481
14537
2474
864
6610
10877
1765
14945
13083
11661
13884
10125
1995
3191
7157
6612
7934
3224
13442
8610
9257
10300
6572
1654
8244
7794
8856
13625
8758
1098
4384
13269
12628
10241
7976
7021
4352
2008
14615
9432
10333
10002
6719
310
14665
11759
6440
1146
8389
2441
12054
9453
9810
13429
1342
8206
10124
7524
9758
5798
11129
2644
5609
1091
6561
13926
9673
1565
1412
1531
2748
2588
1144
5642
6681
9061
4056
10196
1076
10435
12303
2301
13341
5756
2705
8899
396
378
11139
10875
7617
42
5940
14552
7054
8859
857
14454
837
7817
5724
2796
6156
12363
5143
12045
14587
3792
2981
14309
9939
6021
6674
1010
6373
2412
10774
8360
85
540
26
405
4430
636
11633
6942
2354
9672
1742
14078
5236
7468
7421
14224
13692
8883
1538
7818
9533
6423
13441
5701
6986
4920
11585
7019
1007
8213
1833
14206
10879
9617
8551
2738
6690
2555
394
10969
7881
6385
5500
12338
6549
603
7701
2335
7871
9863
6469
1816
13484
13771
8374
11003
226
6569
5264
12531
5813
573
12414
10921
3276
11006
605
6965
1532
146
1575
9408
14327
1840
6029
3643
6562
9546
13650
15086
8365
839
7884
1256
4256
12037
6320
3488
3286
1329
9073
6379
11780
5374
3545
13904
1937
12176
2824
6375
9652
11946
14144
11255
4109
9726
9413
14593
3009
8337
7791
8489
2243
7486
5132
10372
3487
7487
9520
5361
2534
8343
9435
9764
7098
13550
10330
15098
7618
6035
5449
11149
11678
6447
332
5309
7532
8207
10313
14036
7350
10906
2267
2328
10483
58
13420
3997
6555
13860
2345
12324
6309
3145
6587
442
7747
3373
6172
9969
2274
1891
527
9725
1343
8904
14609
4755
4966
5266
4744
6568
13445
8332
12874
6614
8069
9990
10540
10320
14033
6790
9974
9141
11310
9992
11672
5058
6563
12586
2251
14453
13450
9549
3985
1610
943
9031
7068
12657
10988
6525
11576
9056
5734
2326
3937
6497
5735
13586
11914
1008
5979
13451
8796
373
8128
8943
5514
10604
14626
14445
7010
11199
4037
6520
8359
10978
8753
14118
5667
6678
13734
11035
953
3349
7056
13188
8462
6384
9545
13789
6132
12883
12881
8818
9790
9445
5942
565
978
12299
4122
11853
144
486
3499
2386
12735
14577
14773
11611
13418
1791
2894
12257
7308
7307
3340
8176
12700
8426
14088
11507
13896
2341
11634
8405
12706
3095
4123
9839
9994
14543
3549
8972
1193
7803
2952
9470
9836
8486
2881
312
14098
6039
865
8855
9973
5063
1148
12791
14382
10182
5895
11642
3200
9624
5939
7183
1224
13897
331
4009
11309
6976
6041
7343
3954
8965
8938
5082
13578
3519
9437
9684
9393
12412
1993
8532
9487
5671
1783
3452
1672
14686
14446
1222
11778
12234
5312
11111
1279
8524
1309
8177
11567
14961
13564
2402
8897
1277
7028
5520
12262
9210
9034
745
1992
9519
12235
9471
10550
3484
3274
2880
6171
8469
8606
10677
3031
4127
8369
3328
9814
9455
6144
2587
14782
184
6470
12275
1073
2059
11710
9180
1514
858
1114
7062
10873
3307
11269
12323
5148
8096
5531
12298
7614
14612
1647
946
5955
8491
4405
1052
2444
7201
14956
5168
2498
13917
8125
1923
8860
4342
10549
7376
2589
5265
12133
7457
133
6139
2802
8506
3232
14124
12985
3374
632
1082
6374
9677
3208
7496
13469
5332
9346
7126
6028
2685
11256
896
6319
9481
3108
1041
10565
7727
6923
11547
12349
7953
11202
1046
9871
2060
7613
7423
8751
7861
9769
9712
14535
11557
13648
14567
444
1907
13363
5422
3052
6642
10970
3495
5668
6567
4879
5965
10342
5310
10704
6061
2087
6179
12856
8543
4477
2969
7706
12457
1655
11895
14128
14134
14115
7926
8480
1134
7811
14388
13878
4417
2079
11125
8896
10407
7830
7462
6036
7339
1203
5773
588
12348
1287
8642
5444
12409
535
659
11395
1247
14119
4910
1756
7434
4007
4551
7501
2706
11405
8890
3968
9913
6590
11768
13049
14129
5838
5823
14143
14566
13867
13830
13984
1398
19
9837
7016
3283
12129
8138
14122
5730
10867
12216
5285
10920
3025
9846
3222
14240
412
13414
7933
13310
8946
1414
3909
5164
11605
13906
3908
13505
11555
14207
3133
5981
5646
6461
3794
4406
14007
11813
12683
3989
7866
323
1818
5101
9830
5574
2521
8705
8978
4662
1968
3378
4288
2556
12975
2674
13158
14794
5250
11032
5759
105
12587
13196
8361
10703
9906
10441
5088
14023
3362
3983
9473
4756
14459
6791
4494
3837
12008
12141
12301
4224
12128
11209
4423
1054
14294
13818
12090
14619
3038
10544
12105
8264
7454
14521
9216
13288
11400
3529
9664
9756
3234
8266
14101
13452
4321
6162
12258
14523
8163
11168
6160
10345
3091
5744
11212
4012
12058
12672
9618
3813
15035
9645
12321
13618
13381
10573
2089
338
11364
6405
8
2660
6956
1016
7435
11244
9700
10947
14218
8709
12458
10135
13330
8261
8423
2559
10277
13151
137
14188
11704
6149
12612
2395
6615
3852
12032
404
4055
11712
5554
6117
10859
10172
12146
10255
10393
10861
541
6449
8201
134
1169
104
6611
4471
937
1005
8840
12297
1095
9260
1015
10306
2369
13622
5785
14754
14944
871
1416
4512
568
868
6994
11344
8180
3239
12896
12390
6328
6637
3253
10211
10909
4023
8647
14862
2924
2934
4961
13519
13392
13077
5258
3413
11081
13494
8329
3872
9261
11921
1415
14865
9651
8534
8833
10424
3177
12995
3879
12428
7002
4745
11662
13721
12007
5048
5742
9855
6596
13369
3449
6680
13408
10115
13284
259
12223
10321
2937
9647
3552
1649
9633
11523
11243
9110
10748
12766
11282
557
1828
6174
8578
5233
11800
3521
591
875
6591
1087
13423
4391
13591
1024
12634
4458
8303
13541
11772
452
3629
11044
10553
589
11085
10509
1696
4864
2133
12355
13285
12981
14795
13794
12996
3708
6621
10245
13076
358
10296
644
872
1296
1006
11908
10688
11881
6157
13606
5817
8173
13924
7660
2680
13623
1883
12174
9822
13045
9749
5061
13231
9632
2132
11425
10913
6676
15059
10579
9111
13503
13046
9692
11600
1856
5715
532
2944
9763
379
10412
3507
10355
6663
459
3463
4959
4454
13500
5784
10081
8871
2980
9953
1048
2236
5259
11185
8265
14082
13667
3405
5016
9792
13526
2877
3880
6183
4043
4121
165
3152
3804
8171
5604
13816
1854
5849
6287
10238
5811
1051
3053
5050
9183
6445
4532
10554
8498
9746
4003
10669
9450
8317
2015
2947
10397
6448
14081
9120
13001
11179
8752
2270
1885
6364
2672
446
14236
10079
7396
14743
10427
8393
5032
9919
8918
14040
13905
11059
6662
1541
9543
10882
5774
8694
8727
136
7506
14367
10670
3096
9249
6043
3
3327
8667
5567
11663
9687
3287
4234
7634
6092
1427
5563
828
12725
2370
6047
3797
5122
1306
329
3587
9058
2552
15050
12991
553
5474
4104
5445
5297
6936
9721
8280
8160
13529
9993
14089
8907
5213
4930
4221
5298
14370
508
14026
3682
13021
8695
14488
14130
14643
4054
11162
2948
2168
4080
1878
372
2025
11474
7739
8484
14747
8625
14573
9140
10224
5329
11232
4732
2507
1827
14105
7604
6218
35
11273
3614
12785
14563
7720
519
5502
14473
2043
7461
2404
2810
12011
2541
14711
12802
3078
3490
12998
11441
2828
12549
140
7985
13785
10055
2675
7556
1444
4066
286
7979
14360
7401
1185
6402
7366
16
15005
2542
15095
13569
3513
7436
3215
6664
11503
3350
13388
325
14419
681
3768
115
10080
12488
3244
6579
3156
7526
8924
649
5844
7025
7824
11673
6708
7724
7587
682
675
6535
8411
8886
13455
13956
2852
13400
7413
9458
14108
13042
11214
12033
1339
4020
13629
9806
1943
1944
12963
4863
8932
12066
13880
10846
761
7760
483
3981
12474
11041
1199
2198
8911
629
6090
1969
14662
6659
4095
3916
8272
9741
8312
9714
12399
5405
8263
12239
3705
9857
8285
12973
6706
2872
10753
9649
10511
7882
13927
12661
12888
10246
3684
2006
11935
3964
4717
520
9771
14153
5649
241
2075
2936
14123
6641
14469
7712
7286
10314
3585
5224
5492
5401
11211
5588
13430
5537
9738
4996
3161
14515
4034
2238
13646
8269
2011
11814
2042
13768
8843
10434
37
4486
5698
7977
5056
2847
14471
13509
5321
501
6943
14908
10741
766
1281
9695
13663
10265
12331
14156
8620
4159
2943
10499
4068
11263
879
3728
5598
570
13425
7005
6894
11527
14935
6934
2026
8298
12969
1989
2201
6088
11505
9324
13444
1062
1290
7551
8583
2838
8997
5060
5583
3442
4887
4154
4174
10939
5322
8122
6386
8309
13951
10271
33
1632
580
230
11767
627
10106
13323
10888
5394
5546
4675
14678
9099
3730
7371
12322
12194
2843
13760
2484
7740
14524
9486
12727
11715
1361
817
2614
3387
6380
7654
7336
7687
1544
11519
4079
1958
14826
8304
6180
3777
14401
14284
14232
7876
894
3193
9889
5530
4907
9907
11808
13643
10998
3197
8460
5400
225
8941
10352
9172
14280
471
9970
2774
14243
7129
6643
1149
183
12055
4832
5453
1615
8813
12352
9070
5594
3503
13912
8629
5748
6498
5119
9388
3695
3765
8786
1258
3588
1314
14637
10625
12705
14160
2229
9381
12711
11709
3181
4912
1053
10864
14431
9614
13835
13733
14561
11443
8808
9281
10092
5597
4958
12450
10931
14288
7248
7852
5318
3246
8538
14821
14861
10644
6009
14622
5067
1673
11637
4995
5452
14379
4089
3192
12148
12560
5206
13621
2121
14644
1393
5488
2334
9966
8061
12292
13081
10011
4152
619
646
3383
12294
2754
454
9580
12278
13946
4017
5619
2553
606
7786
4993
6074
5738
5954
11643
914
8525
13192
3685
352
3800
8536
14352
7997
5167
14480
10037
3294
5944
4016
3934
8475
5178
7331
5536
2650
1019
1254
14385
5105
7669
4063
7390
867
7858
14548
4248
9160
7335
9579
3172
12044
11524
9944
12913
10592
6193
5052
13436
4083
6194
14433
7312
3144
11087
11008
9587
233
7332
11275
1235
2162
7589
64
5277
4553
560
9862
8528
11997
5990
12718
14383
9167
11512
4498
3160
11489
7325
7670
13062
10008
963
10023
1495
590
10504
11175
1953
6669
5590
3185
12526
14313
5053
7652
14375
2735
2493
12715
5873
2291
9170
143
11064
1636
13900
1303
1550
8439
1792
10597
7653
8289
6010
7927
6017
8028
5606
2491
3315
10665
12760
12759
13644
11587
13977
902
5146
12720
1215
5456
652
13699
638
11415
3280
7879
7407
13782
371
13998
1141
9971
14602
563
3269
618
1691
1206
5210
11287
3604
14529
1782
6599
8236
8420
5518
7674
6667
11823
5021
3603
14745
2483
8512
3314
654
12444
8671
419
12978
763
8052
5085
14293
1047
6398
8071
10918
5293
1559
10657
11699
2709
8290
5521
10788
9903
2710
12163
5933
13487
1459
3982
6558
11015
6192
13626
4076
12589
13757
12932
11000
1391
6187
10795
6376
897
6838
7083
4223
14061
6585
8710
12838
13772
4472
9074
13671
8690
7038
6333
8388
9303
2813
10737
8857
3322
3990
4145
1606
9705
2818
11004
9239
6410
177
14888
12487
13428
3150
5097
14315
13712
6026
5066
2793
9606
5245
8889
11067
70
2544
11518
2423
2845
12332
14365
176
12242
46
5120
14791
3381
14617
3646
8237
5970
2376
5747
504
2429
2175
650
9213
7361
1400
5002
12226
6372
596
7381
7105
3018
3014
2381
142
2478
5599
5149
148
5807
11683
3032
5931
3973
5242
7767
11758
599
12814
14750
11231
8637
5235
7305
5446
1014
13247
571
7024
12872
7671
14241
10793
12095
12120
268
9311
10366
716
8144
9106
13225
3417
10177
8281
13852
10567
9301
2871
7627
3485
8477
10525
11841
12703
11237
14778
107
3965
13945
13139
3702
11311
1927
12508
12
3344
56
3710
6699
8481
11711
6067
9737
6878
13516
4389
6765
9762
14076
1388
6938
11031
8639
285
8764
13387
3991
3230
14109
2942
7529
14314
2951
13527
2904
8973
15010
7530
2530
1251
15094
13680
262
5618
7456
12063
4674
534
14208
3140
1991
14540
9272
4499
6313
13232
7863
8296
7621
9980
12962
4721
8165
3486
884
395
14452
5299
8882
7770
12078
1837
9410
14017
5356
13854
12271
3871
3956
13419
720
185
5538
14833
2
12813
3310
6008
3241
14064
13973
8072
12525
3159
6548
11203
8754
12393
14527
13244
7103
10783
13748
8505
13693
5200
6005
1094
3113
9956
6359
6918
14857
13576
12089
1676
5439
6677
10024
10994
8638
9743
14633
13747
9567
9912
5377
5274
3747
7169
7212
3689
12926
13096
12921
11636
4205
11794
6487
13108
3882
13385
13037
4555
14229
13741
5288
7948
7799
5408
5131
9724
9412
7494
14359
14812
8617
12928
10439
10027
505
14348
11565
5371
7455
762
6327
9583
1562
13404
12989
10216
4565
13788
12948
12987
846
2800
6675
2711
2108
8573
9578
2228
5733
10709
14353
14260
6411
7885
8219
13085
12764
7116
3651
12385
8496
13343
12659
11974
10528
4114
7254
5372
14756
703
10801
4878
7897
7316
6545
5315
1317
4394
11288
14882
6933
5539
2138
10126
7773
8348
14538
11487
4030
4397
10480
3421
196
1172
3606
6486
9078
10655
2761
7309
778
11922
13339
1319
13930
6876
780
2496
5351
14920
12094
1660
15081
4877
820
13265
2039
8240
14892
299
6533
7854
5630
2659
9254
12256
2312
1375
1680
5625
8129
11447
905
3868
14976
1788
9130
11538
4333
4322
13676
11165
13092
6880
14005
2403
1168
5089
13715
12833
4861
7296
4569
4642
1072
1372
13670
12131
15091
2203
3543
11943
12821
3987
9244
10149
1451
2136
12296
4659
6763
11827
2219
3453
1367
8097
14991
1322
12772
10466
13988
12729
4326
10161
12762
6232
7272
7283
5793
14787
1227
2118
8013
14006
9872
9387
7787
359
8898
3634
10310
8112
5833
5857
284
7279
1351
14815
10733
308
593
11728
1633
9158
4156
11068
5639
8947
11292
10639
9289
8514
13024
3933
5829
3897
3751
3904
1798
12313
4622
5836
721
4828
7941
12168
1851
12642
11917
1804
14650
7052
13261
66
8014
13716
5951
2932
13260
7790
13427
4436
8699
8413
6407
15033
7039
67
5467
776
8087
1029
2066
10678
10168
13159
6886
4133
4525
12343
13565
12818
2321
318
7802
10539
7080
10481
263
4608
6718
5591
2731
14432
255
1684
7954
11613
11494
4202
10714
13325
11645
13475
4594
6454
7912
12544
8060
823
11454
7415
14877
93
1567
10490
14411
3817
10548
827
2570
6553
7252
9081
13346
13627
7274
9507
10122
2819
6510
10520
13031
1499
2740
12280
6724
15013
10384
1797
4385
2499
2330
91
8930
8045
14680
2232
5767
4614
15046
8526
13060
7424
2505
3856
1811
7291
10339
6457
9093
14248
4312
1561
10336
7149
803
205
9599
12388
8181
4245
10200
4852
13922
7730
12368
4376
4588
8614
6996
11591
31
15037
13807
8553
11860
3701
6208
8330
3500
1966
7647
14246
3876
4216
10976
6434
7104
12769
6908
2385
10139
6211
11285
14333
7119
192
4989
9122
7215
5978
999
7089
15093
9243
13978
1187
7393
14902
1320
4600
4583
10164
1834
14251
3836
7256
14636
10160
10552
4031
7955
14930
958
10881
7217
7464
9086
4398
13656
13976
2573
14162
13911
14918
6347
3537
14960
12100
8615
7333
10507
13691
10777
6853
6203
11159
1517
6397
8454
1901
3834
842
4585
12143
2729
1075
12326
6606
14811
14965
4396
14845
9492
1347
14298
14890
6202
1225
14674
2713
15056
547
7085
202
8741
11227
5047
252
12901
11221
8016
11225
14318
14876
4813
6824
2173
2485
8105
14919
11012
7864
7742
4217
2072
6466
14874
7391
3898
13651
14884
8945
11245
14493
6566
12830
9292
14881
9515
14852
5526
10643
7284
13649
6519
2606
10820
5914
11955
14973
10323
3874
821
12236
2739
11137
7951
12898
4261
11976
13614
12029
14681
11296
3692
13063
1557
1377
13383
7837
13150
14968
387
13572
12807
8988
248
13309
9032
1397
8987
1475
2230
3826
13465
13357
14132
12950
13480
7943
12245
2222
3781
366
2965
4093
15111
14427
10101
7164
10691
3345
376
1085
12117
3247
10383
4848
10715
2218
9126
2194
712
6962
4856
11825
6295
5096
9847
13082
11113
1708
2452
2449
15031
10817
12254
9950
10374
9448
4788
12860
8346
8587
4094
425
12685
11596
10917
7227
11377
11326
6539
7575
6970
2112
14506
6301
3249
4774
231
3971
3799
3807
7764
7520
713
9895
7206
7836
1074
2141
14456
1774
4602
3624
400
5533
5425
2931
1820
296
3649
10235
11392
4841
8697
5107
1663
1739
6604
3796
2292
2137
4610
14080
14068
13501
9755
10159
9119
9200
11426
10377
595
6654
13113
1465
9504
3102
15026
10576
432
8183
12391
10908
8256
3788
63
2935
3465
13599
5927
10072
2519
11484
13987
14390
328
3810
9998
11905
9646
3303
12070
9941
8283
110
3668
11459
7525
10193
10215
4431
